4.05462e-14
4.11724e-14
4.24339e-14
4.43488e-14
4.69448e-14
5.02592e-14
5.43397e-14
5.92447e-14
6.50445e-14
7.18219e-14
7.96735e-14
8.87108e-14
9.90617e-14
1.10872e-13
1.24309e-13
1.3956e-13
1.56838e-13
1.76383e-13
1.98467e-13
2.23395e-13
2.51508e-13
2.83193e-13
3.1888e-13
3.59056e-13
4.04261e-13
4.55106e-13
5.12272e-13
5.76522e-13
6.48709e-13
7.29788e-13
8.20826e-13
9.23019e-13
1.0377e-12
1.16636e-12
1.31065e-12
1.47245e-12
1.65382e-12
1.85708e-12
2.08481e-12
2.33989e-12
2.62553e-12
2.9453e-12
3.3032e-12
3.70367e-12
4.15165e-12
4.65266e-12
5.21282e-12
5.83897e-12
6.53869e-12
7.32043e-12
8.19358e-12
9.16858e-12
1.0257e-11
1.14718e-11
1.28273e-11
1.43393e-11
1.60255e-11
1.79056e-11
2.00011e-11
2.23364e-11
2.4938e-11
2.78357e-11
3.10623e-11
3.46542e-11
3.86518e-11
4.30998e-11
4.80475e-11
5.35499e-11
5.96674e-11
6.64671e-11
7.40232e-11
8.24176e-11
9.17409e-11
1.02093e-10
1.13586e-10
1.2634e-10
1.40491e-10
1.56188e-10
1.73595e-10
1.92894e-10
2.14285e-10
2.37988e-10
2.64247e-10
2.9333e-10
3.25532e-10
3.61179e-10
4.00629e-10
4.44277e-10
4.92556e-10
5.45945e-10
6.0497e-10
6.70207e-10
7.42294e-10
8.21929e-10
9.09879e-10
1.00699e-09
1.11418e-09
1.23248e-09
1.36299e-09
1.50695e-09
1.66569e-09
1.84069e-09
2.03358e-09
2.24611e-09
2.48023e-09
2.73807e-09
3.02195e-09
3.33443e-09
3.67831e-09
4.05663e-09
4.47274e-09
4.9303e-09
5.4333e-09
5.98613e-09
6.59354e-09
7.26078e-09
7.99353e-09
8.79803e-09
9.68107e-09
1.06501e-08
1.17131e-08
1.28791e-08
1.41575e-08
1.5559e-08
1.70949e-08
1.87777e-08
2.0621e-08
2.26396e-08
2.48495e-08
2.72684e-08
2.99152e-08
3.28107e-08
3.59774e-08
3.94399e-08
4.32248e-08
4.73611e-08
5.18802e-08
5.68162e-08
6.22063e-08
6.80906e-08
7.45129e-08
8.15206e-08
8.91649e-08
9.75017e-08
1.06591e-07
1.16499e-07
1.27296e-07
1.39058e-07
1.5187e-07
1.6582e-07
1.81006e-07
1.97533e-07
2.15516e-07
2.35077e-07
2.56349e-07
2.79475e-07
3.04612e-07
3.31927e-07
3.616e-07
3.93828e-07
4.2882e-07
4.66804e-07
5.08026e-07
5.52749e-07
6.0126e-07
6.53863e-07
7.10891e-07
7.72699e-07
8.3967e-07
9.12217e-07
9.90785e-07
1.07585e-06
1.16792e-06
1.26756e-06
1.37536e-06
1.49194e-06
1.61801e-06
1.75428e-06
1.90156e-06
2.06069e-06
2.23257e-06
2.41819e-06
2.61858e-06
2.83487e-06
3.06825e-06
3.32002e-06
3.59154e-06
3.8843e-06
4.19987e-06
4.53994e-06
4.90632e-06
5.30093e-06
5.72585e-06
6.18329e-06
6.67559e-06
7.20529e-06
7.77507e-06
8.38781e-06
9.04657e-06
9.75462e-06
1.05155e-05
1.13328e-05
1.22106e-05
1.31531e-05
1.41648e-05
1.52506e-05
1.64154e-05
1.76648e-05
1.90045e-05
2.04406e-05
2.19798e-05
2.3629e-05
2.53956e-05
2.72874e-05
2.93128e-05
3.14807e-05
3.38004e-05
3.6282e-05
3.89359e-05
4.17736e-05
4.48069e-05
4.80484e-05
5.15114e-05
5.52103e-05
5.91599e-05
6.33762e-05
6.7876e-05
7.26771e-05
7.77984e-05
8.32596e-05
8.90818e-05
9.52874e-05
0.0001019
0.000108944
0.000116445
0.000124432
0.000132934
0.000141981
0.000151605
0.000161842
0.000172726
0.000184297
0.000196593
0.000209657
0.000223533
0.000238268
0.00025391
0.000270512
0.000288127
0.000306812
0.000326627
0.000347635
0.000369902
0.000393496
0.00041849
0.000444961
0.000472987
0.000502653
0.000534045
0.000567257
0.000602382
0.000639523
0.000678783
0.000720273
0.000764108
0.000810408
0.000859299
0.00091091
0.00096538
0.00102285
0.00108347
0.0011474
0.00121479
0.00128582
0.00136066
0.0014395
0.00152253
0.00160994
0.00170194
0.00179875
0.00190059
0.00200769
0.0021203
0.00223867
0.00236305
0.00249371
0.00263094
0.00277503
0.00292628
0.003085
0.00325151
0.00342616
0.00360928
0.00380123
0.0040024
0.00421315
0.00443389
0.00466503
0.00490698
0.0051602
0.00542512
0.00570222
0.00599197
0.00629487
0.00661142
0.00694215
0.0072876
0.00764833
0.0080249
0.00841791
0.00882795
0.00925565
0.00970165
0.0101666
0.0106511
0.011156
0.0116818
0.0122294
0.0127995
0.0133927
0.01401
0.014652
0.0153196
0.0160137
0.0167349
0.0174843
0.0182627
0.019071
0.01991
0.0207807
0.0216841
0.0226212
0.0235928
0.0245999
0.0256437
0.026725
0.027845
0.0290046
0.0302049
0.0314471
0.0327322
0.0340612
0.0354353
0.0368557
0.0383234
0.0398395
0.0414053
0.0430218
0.0446902
0.0464118
0.0481876
0.0500188
0.0519066
0.0538521
0.0558566
0.0579213
0.0600472
0.0622355
0.0644874
0.0668042
0.0691868
0.0716364
0.0741542
0.0767413
0.0793988
0.0821278
0.0849293
0.0878043
0.090754
0.0937793
0.0968811
0.100061
0.103318
0.106656
0.110073
0.113572
0.117152
0.120815
0.124562
0.128392
0.132307
0.136308
0.140394
0.144566
0.148825
0.153172
0.157606
0.162127
0.166737
0.171434
0.17622
0.181095
0.186057
0.191108
0.196246
0.201472
0.206786
0.212187
0.217674
0.223247
0.228906
0.234649
0.240477
0.246387
0.252379
0.258453
0.264606
0.270838
0.277147
0.283533
0.289993
0.296525
0.30313
0.309803
0.316545
0.323352
0.330222
0.337155
0.344146
0.351195
0.358299
0.365454
0.37266
0.379912
0.387208
0.394546
0.401922
0.409334
0.416778
0.424251
0.43175
0.439272
0.446813
0.454369
0.461938
0.469515
0.477097
0.48468
0.492261
0.499834
0.507398
0.514947
0.522477
0.529985
0.537466
0.544917
0.552332
0.559708
0.567041
0.574326
0.58156
0.588737
0.595853
0.602904
0.609886
0.616795
0.623626
0.630374
0.637036
0.643607
0.650084
0.656461
0.662735
0.668901
0.674956
0.680895
0.686715
0.692411
0.697979
0.703416
0.708718
0.713881
0.718902
0.723777
0.728503
0.733076
0.737493
0.741751
0.745847
0.749778
0.753541
0.757133
0.760552
0.763795
0.76686
0.769745
0.772447
0.774965
0.777296
0.779439
0.781393
0.783155
0.784725
0.786101
0.787283
0.788269
0.789058
0.789651
0.790046
0.790244
0.790244
0.790046
0.789651
0.789058
0.788269
0.787283
0.786101
0.784725
0.783155
0.781393
0.779439
0.777296
0.774965
0.772447
0.769745
0.76686
0.763795
0.760552
0.757133
0.753541
0.749778
0.745847
0.741751
0.737493
0.733076
0.728503
0.723777
0.718902
0.713881
0.708718
0.703416
0.697979
0.692411
0.686715
0.680895
0.674956
0.668901
0.662735
0.656461
0.650084
0.643607
0.637036
0.630374
0.623626
0.616795
0.609886
0.602904
0.595853
0.588737
0.58156
0.574326
0.567041
0.559708
0.552332
0.544917
0.537466
0.529985
0.522477
0.514947
0.507398
0.499834
0.492261
0.48468
0.477097
0.469515
0.461938
0.454369
0.446813
0.439272
0.43175
0.424251
0.416778
0.409334
0.401922
0.394546
0.387208
0.379912
0.37266
0.365454
0.358299
0.351195
0.344146
0.337155
0.330222
0.323352
0.316545
0.309803
0.30313
0.296525
0.289993
0.283533
0.277147
0.270838
0.264606
0.258453
0.252379
0.246387
0.240477
0.234649
0.228906
0.223247
0.217674
0.212187
0.206786
0.201472
0.196246
0.191108
0.186057
0.181095
0.17622
0.171434
0.166737
0.162127
0.157606
0.153172
0.148825
0.144566
0.140394
0.136308
0.132307
0.128392
0.124562
0.120815
0.117152
0.113572
0.110073
0.106656
0.103318
0.100061
0.0968811
0.0937793
0.090754
0.0878043
0.0849293
0.0821278
0.0793988
0.0767413
0.0741542
0.0716364
0.0691868
0.0668042
0.0644874
0.0622355
0.0600472
0.0579213
0.0558566
0.0538521
0.0519066
0.0500188
0.0481876
0.0464118
0.0446902
0.0430218
0.0414053
0.0398395
0.0383234
0.0368557
0.0354353
0.0340612
0.0327322
0.0314471
0.0302049
0.0290046
0.027845
0.026725
0.0256437
0.0245999
0.0235928
0.0226212
0.0216841
0.0207807
0.01991
0.019071
0.0182627
0.0174843
0.0167349
0.0160137
0.0153196
0.014652
0.01401
0.0133927
0.0127995
0.0122294
0.0116818
0.011156
0.0106511
0.0101666
0.00970165
0.00925565
0.00882795
0.00841791
0.0080249
0.00764833
0.0072876
0.00694215
0.00661142
0.00629487
0.00599197
0.00570222
0.00542512
0.0051602
0.00490698
0.00466503
0.00443389
0.00421315
0.0040024
0.00380123
0.00360928
0.00342616
0.00325151
0.003085
0.00292628
0.00277503
0.00263094
0.00249371
0.00236305
0.00223867
0.0021203
0.00200769
0.00190059
0.00179875
0.00170194
0.00160994
0.00152253
0.0014395
0.00136066
0.00128582
0.00121479
0.0011474
0.00108347
0.00102285
0.00096538
0.00091091
0.000859299
0.000810408
0.000764108
0.000720273
0.000678783
0.000639523
0.000602382
0.000567257
0.000534045
0.000502653
0.000472987
0.000444961
0.00041849
0.000393496
0.000369902
0.000347635
0.000326627
0.000306812
0.000288127
0.000270512
0.00025391
0.000238268
0.000223533
0.000209657
0.000196593
0.000184297
0.000172726
0.000161842
0.000151605
0.000141981
0.000132934
0.000124432
0.000116445
0.000108944
0.0001019
9.52874e-05
8.90818e-05
8.32596e-05
7.77984e-05
7.26771e-05
6.7876e-05
6.33762e-05
5.91599e-05
5.52103e-05
5.15114e-05
4.80484e-05
4.48069e-05
4.17736e-05
3.89359e-05
3.6282e-05
3.38004e-05
3.14807e-05
2.93128e-05
2.72874e-05
2.53956e-05
2.3629e-05
2.19798e-05
2.04406e-05
1.90045e-05
1.76648e-05
1.64154e-05
1.52506e-05
1.41648e-05
1.31531e-05
1.22106e-05
1.13328e-05
1.05155e-05
9.75462e-06
9.04657e-06
8.38781e-06
7.77507e-06
7.20529e-06
6.67559e-06
6.18329e-06
5.72585e-06
5.30093e-06
4.90632e-06
4.53994e-06
4.19987e-06
3.8843e-06
3.59154e-06
3.32002e-06
3.06825e-06
2.83487e-06
2.61858e-06
2.41819e-06
2.23257e-06
2.06069e-06
1.90156e-06
1.75428e-06
1.61801e-06
1.49194e-06
1.37536e-06
1.26756e-06
1.16792e-06
1.07585e-06
9.90785e-07
9.12217e-07
8.3967e-07
7.72699e-07
7.10891e-07
6.53863e-07
6.0126e-07
5.52749e-07
5.08026e-07
4.66804e-07
4.2882e-07
3.93828e-07
3.616e-07
3.31927e-07
3.04612e-07
2.79475e-07
2.56349e-07
2.35077e-07
2.15516e-07
1.97533e-07
1.81006e-07
1.6582e-07
1.5187e-07
1.39058e-07
1.27296e-07
1.16499e-07
1.06591e-07
9.75017e-08
8.91649e-08
8.15206e-08
7.45129e-08
6.80906e-08
6.22063e-08
5.68162e-08
5.18802e-08
4.73611e-08
4.32248e-08
3.94399e-08
3.59774e-08
3.28107e-08
2.99152e-08
2.72684e-08
2.48495e-08
2.26396e-08
2.0621e-08
1.87777e-08
1.70949e-08
1.5559e-08
1.41575e-08
1.28791e-08
1.17131e-08
1.06501e-08
9.68107e-09
8.79803e-09
7.99353e-09
7.26078e-09
6.59354e-09
5.98613e-09
5.4333e-09
4.9303e-09
4.47274e-09
4.05663e-09
3.67831e-09
3.33443e-09
3.02195e-09
2.73807e-09
2.48023e-09
2.24611e-09
2.03358e-09
1.84069e-09
1.66569e-09
1.50695e-09
1.36299e-09
1.23248e-09
1.11418e-09
1.00699e-09
9.09879e-10
8.21929e-10
7.42294e-10
6.70207e-10
6.0497e-10
5.45945e-10
4.92556e-10
4.44277e-10
4.00629e-10
3.61179e-10
3.25532e-10
2.9333e-10
2.64247e-10
2.37988e-10
2.14285e-10
1.92894e-10
1.73595e-10
1.56188e-10
1.40491e-10
1.2634e-10
1.13586e-10
1.02093e-10
9.17409e-11
8.24176e-11
7.40232e-11
6.64671e-11
5.96674e-11
5.35499e-11
4.80475e-11
4.30998e-11
3.86518e-11
3.46542e-11
3.10623e-11
2.78357e-11
2.4938e-11
2.23364e-11
2.00011e-11
1.79056e-11
1.60255e-11
1.43393e-11
1.28273e-11
1.14718e-11
1.0257e-11
9.16858e-12
8.19358e-12
7.32043e-12
6.53869e-12
5.83897e-12
5.21282e-12
4.65266e-12
4.15165e-12
3.70367e-12
3.3032e-12
2.9453e-12
2.62553e-12
2.33989e-12
2.08481e-12
1.85708e-12
1.65382e-12
1.47245e-12
1.31065e-12
1.16636e-12
1.0377e-12
9.23019e-13
8.20826e-13
7.29788e-13
6.48709e-13
5.76522e-13
5.12272e-13
4.55106e-13
4.04261e-13
3.59056e-13
3.1888e-13
2.83193e-13
2.51508e-13
2.23395e-13
1.98467e-13
1.76383e-13
1.56838e-13
1.3956e-13
1.24309e-13
1.10872e-13
9.90617e-14
8.87108e-14
7.96735e-14
7.18219e-14
6.50445e-14
5.92447e-14
5.43397e-14
5.02592e-14
4.69448e-14
4.43488e-14
4.24339e-14
4.11724e-14
4.05462e-14
