1.30802e-11
1.4389e-11
1.71267e-11
2.15436e-11
2.80406e-11
3.72025e-11
4.98454e-11
6.70826e-11
9.0413e-11
1.21839e-10
1.6402e-10
2.20477e-10
2.95856e-10
3.9627e-10
5.29744e-10
7.06787e-10
9.41133e-10
1.25069e-09
1.65875e-09
2.19555e-09
2.90027e-09
3.82353e-09
5.03063e-09
6.60559e-09
8.6563e-09
1.1321e-08
1.47764e-08
1.92479e-08
2.50225e-08
3.24646e-08
4.20359e-08
5.43205e-08
7.00551e-08
9.0167e-08
1.15821e-07
1.48478e-07
1.89962e-07
2.42552e-07
3.09084e-07
3.9308e-07
4.98906e-07
6.31959e-07
7.98901e-07
1.00793e-06
1.26912e-06
1.5948e-06
2.00007e-06
2.50332e-06
3.12696e-06
3.89818e-06
4.84993e-06
6.02204e-06
7.46253e-06
9.22917e-06
1.13913e-05
1.4032e-05
1.72504e-05
2.11648e-05
2.59158e-05
3.16701e-05
3.8625e-05
4.70136e-05
5.71101e-05
6.92369e-05
8.37718e-05
0.000101156
0.000121906
0.000146619
0.000175992
0.00021083
0.000252061
0.000300756
0.000358146
0.000425639
0.000504846
0.000597603
0.000705996
0.000832393
0.000979469
0.00115024
0.00134811
0.00157687
0.00184079
0.00214462
0.00249363
0.00289368
0.00335125
0.00387346
0.00446816
0.00514393
0.00591016
0.00677704
0.00775565
0.00885796
0.0100969
0.0114862
0.0130408
0.0147764
0.0167098
0.0188587
0.0212417
0.0238784
0.0267892
0.0299951
0.0335181
0.0373807
0.0416056
0.0462163
0.0512361
0.0566885
0.0625969
0.0689839
0.075872
0.0832825
0.0912355
0.0997499
0.108843
0.118529
0.128822
0.13973
0.151263
0.163422
0.176209
0.189621
0.203648
0.21828
0.2335
0.249286
0.265612
0.282447
0.299754
0.317491
0.335611
0.354063
0.37279
0.39173
0.410816
0.429979
0.449145
0.468236
0.487171
0.505868
0.524243
0.542209
0.559681
0.576571
0.592795
0.608268
0.622909
0.63664
0.649384
0.661072
0.671638
0.681022
0.689169
0.696033
0.701574
0.705758
0.708561
0.709967
0.709967
0.708561
0.705758
0.701574
0.696033
0.689169
0.681022
0.671638
0.661072
0.649384
0.63664
0.622909
0.608268
0.592795
0.576571
0.559681
0.542209
0.524243
0.505868
0.487171
0.468236
0.449145
0.429979
0.410816
0.39173
0.37279
0.354063
0.335611
0.317491
0.299754
0.282447
0.265612
0.249286
0.2335
0.21828
0.203648
0.189621
0.176209
0.163422
0.151263
0.13973
0.128822
0.118529
0.108843
0.0997499
0.0912355
0.0832825
0.075872
0.0689839
0.0625969
0.0566885
0.0512361
0.0462163
0.0416056
0.0373807
0.0335181
0.0299951
0.0267892
0.0238784
0.0212417
0.0188587
0.0167098
0.0147764
0.0130408
0.0114862
0.0100969
0.00885796
0.00775565
0.00677704
0.00591016
0.00514393
0.00446816
0.00387346
0.00335125
0.00289368
0.00249363
0.00214462
0.00184079
0.00157687
0.00134811
0.00115024
0.000979469
0.000832393
0.000705996
0.000597603
0.000504846
0.000425639
0.000358146
0.000300756
0.000252061
0.00021083
0.000175992
0.000146619
0.000121906
0.000101156
8.37718e-05
6.92369e-05
5.71101e-05
4.70136e-05
3.8625e-05
3.16701e-05
2.59158e-05
2.11648e-05
1.72504e-05
1.4032e-05
1.13913e-05
9.22917e-06
7.46253e-06
6.02204e-06
4.84993e-06
3.89818e-06
3.12696e-06
2.50332e-06
2.00007e-06
1.5948e-06
1.26912e-06
1.00793e-06
7.98901e-07
6.31959e-07
4.98906e-07
3.9308e-07
3.09084e-07
2.42552e-07
1.89962e-07
1.48478e-07
1.15821e-07
9.0167e-08
7.00551e-08
5.43205e-08
4.20359e-08
3.24646e-08
2.50225e-08
1.92479e-08
1.47764e-08
1.1321e-08
8.6563e-09
6.60559e-09
5.03063e-09
3.82353e-09
2.90027e-09
2.19555e-09
1.65875e-09
1.25069e-09
9.41133e-10
7.06787e-10
5.29744e-10
3.9627e-10
2.95856e-10
2.20477e-10
1.6402e-10
1.21839e-10
9.0413e-11
6.70826e-11
4.98454e-11
3.72025e-11
2.80406e-11
2.15436e-11
1.71267e-11
1.4389e-11
1.30802e-11
