6.86438e-15
7.48223e-15
8.77005e-15
1.08362e-14
1.38535e-14
1.80733e-14
2.38443e-14
3.16396e-14
4.20928e-14
5.60458e-14
7.46118e-14
9.92575e-14
1.31911e-13
1.751e-13
2.32136e-13
3.07346e-13
4.06377e-13
5.36589e-13
7.07557e-13
9.31721e-13
1.22522e-12
1.60896e-12
2.11e-12
2.76325e-12
3.61378e-12
4.71961e-12
6.15537e-12
8.01687e-12
1.0427e-11
1.3543e-11
1.75661e-11
2.27531e-11
2.94311e-11
3.80169e-11
4.90399e-11
6.31723e-11
8.12656e-11
1.04397e-10
1.3393e-10
1.7158e-10
2.19514e-10
2.80452e-10
3.57816e-10
4.55895e-10
5.80061e-10
7.37031e-10
9.35193e-10
1.18501e-09
1.49949e-09
1.89484e-09
2.39113e-09
3.01327e-09
3.79208e-09
4.76563e-09
5.9809e-09
7.4958e-09
9.38151e-09
1.17255e-08
1.46351e-08
1.82416e-08
2.27056e-08
2.82234e-08
3.5034e-08
4.34284e-08
5.37603e-08
6.64592e-08
8.2045e-08
1.01147e-07
1.24526e-07
1.53098e-07
1.87968e-07
2.30465e-07
2.82181e-07
3.4503e-07
4.21298e-07
5.13721e-07
6.2556e-07
7.60705e-07
9.23778e-07
1.12027e-06
1.3567e-06
1.64078e-06
1.98163e-06
2.39e-06
2.87857e-06
3.46228e-06
4.15865e-06
4.98825e-06
5.97514e-06
7.14748e-06
8.53813e-06
1.01854e-05
1.21338e-05
1.44352e-05
1.71496e-05
2.03464e-05
2.41062e-05
2.85216e-05
3.36996e-05
3.97632e-05
4.68535e-05
5.51326e-05
6.47859e-05
7.60252e-05
8.90923e-05
0.000104262
0.000121849
0.000142207
0.000165739
0.0001929
0.000224206
0.000260236
0.000301643
0.00034916
0.00040361
0.000465912
0.000537096
0.000618309
0.000710829
0.000816075
0.000935622
0.00107121
0.00122478
0.00139845
0.00159455
0.00181568
0.00206463
0.00234452
0.0026587
0.00301087
0.00340502
0.00384551
0.00433704
0.00488472
0.00549403
0.0061709
0.00692169
0.00775321
0.00867275
0.00968808
0.0108075
0.0120398
0.0133942
0.0148807
0.0165095
0.0182916
0.0202384
0.0223617
0.0246741
0.0271884
0.0299179
0.0328765
0.0360783
0.0395378
0.0432698
0.0472895
0.0516119
0.0562524
0.0612264
0.0665492
0.0722358
0.0783013
0.0847602
0.0916265
0.0989137
0.106635
0.114801
0.123424
0.132514
0.142078
0.152125
0.16266
0.173687
0.185208
0.197224
0.209732
0.222729
0.236208
0.250161
0.264576
0.279439
0.294735
0.310443
0.326542
0.343007
0.35981
0.37692
0.394305
0.411929
0.429752
0.447734
0.465832
0.484
0.502189
0.52035
0.538432
0.556382
0.574145
0.591665
0.608888
0.625757
0.642215
0.658205
0.673673
0.688563
0.702821
0.716394
0.729233
0.741288
0.752514
0.762866
0.772305
0.780793
0.788297
0.794786
0.800234
0.804619
0.807924
0.810135
0.811243
0.811243
0.810135
0.807924
0.804619
0.800234
0.794786
0.788297
0.780793
0.772305
0.762866
0.752514
0.741288
0.729233
0.716394
0.702821
0.688563
0.673673
0.658205
0.642215
0.625757
0.608888
0.591665
0.574145
0.556382
0.538432
0.52035
0.502189
0.484
0.465832
0.447734
0.429752
0.411929
0.394305
0.37692
0.35981
0.343007
0.326542
0.310443
0.294735
0.279439
0.264576
0.250161
0.236208
0.222729
0.209732
0.197224
0.185208
0.173687
0.16266
0.152125
0.142078
0.132514
0.123424
0.114801
0.106635
0.0989137
0.0916265
0.0847602
0.0783013
0.0722358
0.0665492
0.0612264
0.0562524
0.0516119
0.0472895
0.0432698
0.0395378
0.0360783
0.0328765
0.0299179
0.0271884
0.0246741
0.0223617
0.0202384
0.0182916
0.0165095
0.0148807
0.0133942
0.0120398
0.0108075
0.00968808
0.00867275
0.00775321
0.00692169
0.0061709
0.00549403
0.00488472
0.00433704
0.00384551
0.00340502
0.00301087
0.0026587
0.00234452
0.00206463
0.00181568
0.00159455
0.00139845
0.00122478
0.00107121
0.000935622
0.000816075
0.000710829
0.000618309
0.000537096
0.000465912
0.00040361
0.00034916
0.000301643
0.000260236
0.000224206
0.0001929
0.000165739
0.000142207
0.000121849
0.000104262
8.90923e-05
7.60252e-05
6.47859e-05
5.51326e-05
4.68535e-05
3.97632e-05
3.36996e-05
2.85216e-05
2.41062e-05
2.03464e-05
1.71496e-05
1.44352e-05
1.21338e-05
1.01854e-05
8.53813e-06
7.14748e-06
5.97514e-06
4.98825e-06
4.15865e-06
3.46228e-06
2.87857e-06
2.39e-06
1.98163e-06
1.64078e-06
1.3567e-06
1.12027e-06
9.23778e-07
7.60705e-07
6.2556e-07
5.13721e-07
4.21298e-07
3.4503e-07
2.82181e-07
2.30465e-07
1.87968e-07
1.53098e-07
1.24526e-07
1.01147e-07
8.2045e-08
6.64592e-08
5.37603e-08
4.34284e-08
3.5034e-08
2.82234e-08
2.27056e-08
1.82416e-08
1.46351e-08
1.17255e-08
9.38151e-09
7.4958e-09
5.9809e-09
4.76563e-09
3.79208e-09
3.01327e-09
2.39113e-09
1.89484e-09
1.49949e-09
1.18501e-09
9.35193e-10
7.37031e-10
5.80061e-10
4.55895e-10
3.57816e-10
2.80452e-10
2.19514e-10
1.7158e-10
1.3393e-10
1.04397e-10
8.12656e-11
6.31723e-11
4.90399e-11
3.80169e-11
2.94311e-11
2.27531e-11
1.75661e-11
1.3543e-11
1.0427e-11
8.01687e-12
6.15537e-12
4.71961e-12
3.61378e-12
2.76325e-12
2.11e-12
1.60896e-12
1.22522e-12
9.31721e-13
7.07557e-13
5.36589e-13
4.06377e-13
3.07346e-13
2.32136e-13
1.751e-13
1.31911e-13
9.92575e-14
7.46118e-14
5.60458e-14
4.20928e-14
3.16396e-14
2.38443e-14
1.80733e-14
1.38535e-14
1.08362e-14
8.77005e-15
7.48223e-15
6.86438e-15
