6.38155e-11
7.01773e-11
8.34789e-11
1.04923e-10
1.36436e-10
1.80822e-10
2.41987e-10
3.25246e-10
4.37738e-10
5.88973e-10
7.9155e-10
1.06209e-09
1.42245e-09
1.9013e-09
2.53613e-09
3.37584e-09
4.4841e-09
5.94357e-09
7.86132e-09
1.03757e-08
1.36652e-08
1.79593e-08
2.35524e-08
3.08217e-08
4.02487e-08
5.24471e-08
6.81971e-08
8.84882e-08
1.14572e-07
1.4803e-07
1.9085e-07
2.45535e-07
3.15216e-07
4.03812e-07
5.16209e-07
6.58489e-07
8.38198e-07
1.06468e-06
1.3495e-06
1.70686e-06
2.15428e-06
2.7132e-06
3.40988e-06
4.27634e-06
5.35159e-06
6.68298e-06
8.32788e-06
1.03556e-05
1.28498e-05
1.59108e-05
1.96592e-05
2.42392e-05
2.98228e-05
3.66148e-05
4.48582e-05
5.4841e-05
6.69033e-05
8.14457e-05
9.89389e-05
0.000119935
0.000145078
0.00017512
0.000210935
0.000253537
0.000304097
0.000363968
0.000434703
0.000518086
0.000616156
0.000731237
0.000865976
0.00102337
0.00120681
0.00142012
0.0016676
0.00195407
0.00228489
0.00266608
0.00310427
0.00360684
0.00418191
0.00483841
0.00558613
0.00643577
0.00739895
0.0084883
0.00971745
0.0111011
0.0126549
0.0143957
0.0163413
0.0185107
0.0209238
0.0236015
0.0265657
0.0298389
0.0334445
0.0374067
0.04175
0.046499
0.0516789
0.0573145
0.0634304
0.0700507
0.0771986
0.0848961
0.0931641
0.102021
0.111485
0.121569
0.132285
0.143643
0.155646
0.168296
0.18159
0.19552
0.210075
0.225237
0.240984
0.257288
0.274115
0.291426
0.309176
0.327316
0.345788
0.364533
0.383483
0.402567
0.421709
0.440829
0.459843
0.478667
0.497209
0.51538
0.533089
0.550243
0.566751
0.582522
0.59747
0.611509
0.624557
0.636539
0.647382
0.657021
0.665397
0.672459
0.678162
0.682471
0.685359
0.686807
0.686807
0.685359
0.682471
0.678162
0.672459
0.665397
0.657021
0.647382
0.636539
0.624557
0.611509
0.59747
0.582522
0.566751
0.550243
0.533089
0.51538
0.497209
0.478667
0.459843
0.440829
0.421709
0.402567
0.383483
0.364533
0.345788
0.327316
0.309176
0.291426
0.274115
0.257288
0.240984
0.225237
0.210075
0.19552
0.18159
0.168296
0.155646
0.143643
0.132285
0.121569
0.111485
0.102021
0.0931641
0.0848961
0.0771986
0.0700507
0.0634304
0.0573145
0.0516789
0.046499
0.04175
0.0374067
0.0334445
0.0298389
0.0265657
0.0236015
0.0209238
0.0185107
0.0163413
0.0143957
0.0126549
0.0111011
0.00971745
0.0084883
0.00739895
0.00643577
0.00558613
0.00483841
0.00418191
0.00360684
0.00310427
0.00266608
0.00228489
0.00195407
0.0016676
0.00142012
0.00120681
0.00102337
0.000865976
0.000731237
0.000616156
0.000518086
0.000434703
0.000363968
0.000304097
0.000253537
0.000210935
0.00017512
0.000145078
0.000119935
9.89389e-05
8.14457e-05
6.69033e-05
5.4841e-05
4.48582e-05
3.66148e-05
2.98228e-05
2.42392e-05
1.96592e-05
1.59108e-05
1.28498e-05
1.03556e-05
8.32788e-06
6.68298e-06
5.35159e-06
4.27634e-06
3.40988e-06
2.7132e-06
2.15428e-06
1.70686e-06
1.3495e-06
1.06468e-06
8.38198e-07
6.58489e-07
5.16209e-07
4.03812e-07
3.15216e-07
2.45535e-07
1.9085e-07
1.4803e-07
1.14572e-07
8.84882e-08
6.81971e-08
5.24471e-08
4.02487e-08
3.08217e-08
2.35524e-08
1.79593e-08
1.36652e-08
1.03757e-08
7.86132e-09
5.94357e-09
4.4841e-09
3.37584e-09
2.53613e-09
1.9013e-09
1.42245e-09
1.06209e-09
7.9155e-10
5.88973e-10
4.37738e-10
3.25246e-10
2.41987e-10
1.80822e-10
1.36436e-10
1.04923e-10
8.34789e-11
7.01773e-11
6.38155e-11
