4.73624e-21
3.686e-21
2.86641e-21
2.22732e-21
1.72936e-21
1.34169e-21
1.0401e-21
8.05676e-22
6.23597e-22
4.82289e-22
3.72708e-22
2.87799e-22
2.22058e-22
1.71199e-22
1.31885e-22
1.01518e-22
7.80818e-23
6.00084e-23
4.60818e-23
3.53593e-23
2.71101e-23
2.0769e-23
1.58984e-23
1.21603e-23
9.2937e-24
7.0972e-24
5.4155e-24
4.12898e-24
3.14556e-24
2.39445e-24
1.82123e-24
1.38413e-24
1.05108e-24
7.97531e-25
6.04656e-25
4.58057e-25
3.4672e-25
2.62233e-25
1.98173e-25
1.49641e-25
1.12902e-25
8.51143e-26
6.41135e-26
4.8255e-26
3.62896e-26
2.72689e-26
2.04738e-26
1.53594e-26
1.15131e-26
8.623e-27
6.45307e-27
4.82523e-27
3.60506e-27
2.69122e-27
2.00738e-27
1.49606e-27
1.11407e-27
8.28927e-28
6.16255e-28
4.57767e-28
3.39757e-28
2.51961e-28
1.86696e-28
1.38222e-28
1.02248e-28
7.55741e-29
5.5812e-29
4.11831e-29
3.03632e-29
2.23672e-29
1.64631e-29
1.21073e-29
8.89645e-30
6.53163e-30
4.79137e-30
3.51182e-30
2.5718e-30
1.88181e-30
1.37577e-30
1.00496e-30
7.33474e-31
5.34874e-31
3.89718e-31
2.83714e-31
2.0637e-31
1.49985e-31
1.08917e-31
7.90302e-32
5.73017e-32
4.15197e-32
3.00693e-32
2.17722e-32
1.57697e-32
1.14369e-32
8.31988e-33
6.0897e-33
4.50907e-33
3.4079e-33
2.66565e-33
2.19878e-33
1.95168e-33
1.89062e-33
1.99964e-33
2.27825e-33
2.7405e-33
3.41533e-33
4.34813e-33
5.60353e-33
7.26973e-33
9.46439e-33
1.23427e-32
1.6108e-32
2.10257e-32
2.74415e-32
3.5805e-32
4.67002e-32
6.08853e-32
7.93438e-32
1.03351e-31
1.34559e-31
1.75109e-31
2.2777e-31
2.96128e-31
3.84819e-31
4.99834e-31
6.48917e-31
8.42064e-31
1.09218e-30
1.41591e-30
1.83473e-30
2.37629e-30
3.07624e-30
3.98046e-30
5.148e-30
6.65484e-30
8.59861e-30
1.11048e-29
1.43347e-29
1.84951e-29
2.38516e-29
3.07447e-29
3.96109e-29
5.10097e-29
6.56571e-29
8.44702e-29
1.08622e-28
1.39612e-28
1.79357e-28
2.30308e-28
2.9559e-28
3.79194e-28
4.86212e-28
6.23134e-28
7.98231e-28
1.02204e-27
1.30797e-27
1.67309e-27
2.1391e-27
2.73361e-27
3.49165e-27
4.45777e-27
5.68846e-27
7.25543e-27
9.24959e-27
1.17862e-26
1.50111e-26
1.91093e-26
2.43146e-26
3.0923e-26
3.93083e-26
4.99435e-26
6.34254e-26
8.05079e-26
1.02142e-25
1.29527e-25
1.64174e-25
2.0799e-25
2.63371e-25
3.33338e-25
4.21687e-25
5.33196e-25
6.73864e-25
8.51233e-25
1.07477e-24
1.35634e-24
1.71086e-24
2.15699e-24
2.71814e-24
3.42362e-24
4.3101e-24
5.4235e-24
6.8212e-24
8.57495e-24
1.07743e-23
1.35313e-23
1.69854e-23
2.1311e-23
2.6725e-23
3.34983e-23
4.19677e-23
5.25529e-23
6.57758e-23
8.22859e-23
1.0289e-22
1.2859e-22
1.60632e-22
2.0056e-22
2.5029e-22
3.122e-22
3.89233e-22
4.85037e-22
6.04125e-22
7.52086e-22
9.35827e-22
1.16389e-21
1.44682e-21
1.79766e-21
2.23247e-21
2.7711e-21
3.438e-21
4.26332e-21
5.28416e-21
6.54625e-21
8.10579e-21
1.0032e-20
1.24097e-20
1.53436e-20
1.89617e-20
2.34216e-20
2.89162e-20
3.56823e-20
4.40098e-20
5.42544e-20
6.68506e-20
8.2331e-20
1.01346e-19
1.24692e-19
1.53339e-19
1.88476e-19
2.3155e-19
2.84328e-19
3.48963e-19
4.28082e-19
5.24879e-19
6.43246e-19
7.87917e-19
9.64651e-19
1.18044e-18
1.4438e-18
1.76503e-18
2.15666e-18
2.63389e-18
3.21514e-18
3.92271e-18
4.78364e-18
5.83062e-18
7.10324e-18
8.64934e-18
1.05267e-17
1.28053e-17
1.55693e-17
1.89206e-17
2.29818e-17
2.79009e-17
3.38561e-17
4.10619e-17
4.97767e-17
6.0311e-17
7.30384e-17
8.84076e-17
1.06958e-16
1.29336e-16
1.56318e-16
1.88835e-16
2.28003e-16
2.75158e-16
3.31899e-16
4.00141e-16
4.82175e-16
5.80736e-16
6.99096e-16
8.41157e-16
1.01158e-15
1.21593e-15
1.46082e-15
1.75416e-15
2.10535e-15
2.52558e-15
3.02818e-15
3.62897e-15
4.34679e-15
5.20398e-15
6.22709e-15
7.44761e-15
8.90288e-15
1.06372e-14
1.27029e-14
1.51622e-14
1.80886e-14
2.15689e-14
2.57059e-14
3.0621e-14
3.64575e-14
4.33846e-14
5.1602e-14
6.13449e-14
7.28906e-14
8.65655e-14
1.02754e-13
1.21909e-13
1.44562e-13
1.71337e-13
2.02969e-13
2.40319e-13
2.84398e-13
3.36393e-13
3.97692e-13
4.69924e-13
5.54994e-13
6.55132e-13
7.72948e-13
9.11488e-13
1.07432e-12
1.26559e-12
1.49016e-12
1.75369e-12
2.06278e-12
2.42511e-12
2.84964e-12
3.34678e-12
3.92866e-12
4.60936e-12
5.40526e-12
6.33535e-12
7.42171e-12
8.68992e-12
1.01697e-11
1.18953e-11
1.39067e-11
1.62499e-11
1.89782e-11
2.21533e-11
2.58464e-11
3.01398e-11
3.51284e-11
4.09217e-11
4.76461e-11
5.54471e-11
6.44923e-11
7.49747e-11
8.71163e-11
1.01172e-10
1.17436e-10
1.36244e-10
1.57983e-10
1.83097e-10
2.12095e-10
2.45559e-10
2.84156e-10
3.28652e-10
3.79919e-10
4.38958e-10
5.06912e-10
5.85082e-10
6.74961e-10
7.78245e-10
8.96871e-10
1.03305e-09
1.18929e-09
1.36845e-09
1.57379e-09
1.809e-09
2.0783e-09
2.38645e-09
2.73888e-09
3.14173e-09
3.60197e-09
4.12749e-09
4.72723e-09
5.41131e-09
6.19119e-09
7.07978e-09
8.09172e-09
9.24349e-09
1.05537e-08
1.20434e-08
1.37363e-08
1.5659e-08
1.78415e-08
2.03176e-08
2.31253e-08
2.63073e-08
2.99116e-08
3.3992e-08
3.86089e-08
4.383e-08
4.97313e-08
5.63976e-08
6.39242e-08
7.24173e-08
8.19961e-08
9.27934e-08
1.04958e-07
1.18654e-07
1.34068e-07
1.51405e-07
1.70894e-07
1.92791e-07
2.1738e-07
2.44976e-07
2.7593e-07
3.10633e-07
3.49517e-07
3.93062e-07
4.41799e-07
4.96319e-07
5.57273e-07
6.25384e-07
7.0145e-07
7.86354e-07
8.81071e-07
9.86676e-07
1.10436e-06
1.23542e-06
1.38131e-06
1.54361e-06
1.72407e-06
1.92462e-06
2.14735e-06
2.39459e-06
2.66889e-06
2.97303e-06
3.31009e-06
3.68339e-06
4.09663e-06
4.55382e-06
5.05934e-06
5.618e-06
6.23503e-06
6.91616e-06
7.66762e-06
8.49621e-06
9.40933e-06
1.0415e-05
1.15221e-05
1.27401e-05
1.40793e-05
1.5551e-05
1.71674e-05
1.89416e-05
2.08881e-05
2.30223e-05
2.5361e-05
2.79224e-05
3.0726e-05
3.37931e-05
3.71464e-05
4.08106e-05
4.48122e-05
4.91798e-05
5.39442e-05
5.91384e-05
6.4798e-05
7.09611e-05
7.76686e-05
8.49645e-05
9.28958e-05
0.000101513
0.000110869
0.000121023
0.000132036
0.000143973
0.000156905
0.000170906
0.000186056
0.00020244
0.000220148
0.000239275
0.000259923
0.000282201
0.000306222
0.000332108
0.000359987
0.000389995
0.000422276
0.000456981
0.000494269
0.00053431
0.000577281
0.000623369
0.000672771
0.000725693
0.000782352
0.000842976
0.000907802
0.000977082
0.00105107
0.00113005
0.00121431
0.00130413
0.00139983
0.00150173
0.00161017
0.00172549
0.00184807
0.00197826
0.00211647
0.0022631
0.00241855
0.00258327
0.00275769
0.00294227
0.00313748
0.0033438
0.00356174
0.00379179
0.00403447
0.00429033
0.00455989
0.00484372
0.00514239
0.00545645
0.0057865
0.00613313
0.00649692
0.0068785
0.00727845
0.0076974
0.00813595
0.00859473
0.00907435
0.00957541
0.0100985
0.0106443
0.0112134
0.0118063
0.0124237
0.0130661
0.013734
0.0144281
0.0151488
0.0158966
0.016672
0.0174756
0.0183076
0.0191685
0.0200587
0.0209784
0.0219281
0.022908
0.0239182
0.0249591
0.0260306
0.0271329
0.0282659
0.0294298
0.0306244
0.0318496
0.0331052
0.0343909
0.0357064
0.0370514
0.0384254
0.0398279
0.0412583
0.0427159
0.0442001
0.04571
0.0472448
0.0488035
0.0503851
0.0519885
0.0536125
0.055256
0.0569175
0.0585958
0.0602892
0.0619965
0.0637157
0.0654456
0.067184
0.0689295
0.07068
0.0724337
0.0741886
0.0759426
0.0776938
0.07944
0.081179
0.0829086
0.0846267
0.086331
0.0880192
0.089689
0.091338
0.0929641
0.0945648
0.0961378
0.0976809
0.0991917
0.100668
0.102107
0.103508
0.104867
0.106183
0.107453
0.108676
0.109849
0.110971
0.112039
0.113052
0.114009
0.114907
0.115745
0.116521
0.117235
0.117885
0.118469
0.118987
0.119438
0.119821
0.120135
0.12038
0.120556
0.120661
0.120695
0.12066
0.120553
0.120377
0.120131
0.119815
0.119429
0.118976
0.118454
0.117866
0.117212
0.116493
0.115711
0.114866
0.113961
0.112996
0.111973
0.110894
0.109761
0.108575
0.107339
0.106054
0.104723
0.103347
0.101929
0.100471
0.0989752
0.0974439
0.0958794
0.0942841
0.0926602
0.0910103
0.0893366
0.0876415
0.0859275
0.0841968
0.0824518
0.0806949
0.0789283
0.0771543
0.0753751
0.073593
0.07181
0.0700283
0.06825
0.0664769
0.0647111
0.0629545
0.0612088
0.0594757
0.057757
0.0560542
0.0543689
0.0527026
0.0510565
0.0494321
0.0478304
0.0462527
0.0447001
0.0431735
0.0416738
0.0402019
0.0387584
0.0373442
0.0359598
0.0346057
0.0332823
0.0319902
0.0307295
0.0295005
0.0283035
0.0271385
0.0260056
0.0249049
0.0238361
0.0227993
0.0217943
0.0208208
0.0198787
0.0189676
0.0180871
0.017237
0.0164167
0.0156259
0.0148641
0.0141307
0.0134252
0.0127472
0.0120959
0.0114708
0.0108713
0.0102968
0.00974663
0.00922017
0.00871675
0.00823572
0.00777642
0.0073382
0.00692037
0.00652229
0.0061433
0.00578274
0.00543995
0.00511431
0.00480517
0.0045119
0.00423389
0.00397054
0.00372125
0.00348543
0.00326252
0.00305195
0.00285319
0.0026657
0.00248898
0.00232251
0.00216582
0.00201844
0.0018799
0.00174977
0.00162762
0.00151305
0.00140566
0.00130506
0.00121091
0.00112283
0.00104051
0.000963608
0.000891828
0.000824874
0.000762462
0.000704327
0.000650212
0.000599873
0.000553081
0.000509614
0.000469265
0.000431836
0.000397139
0.000364997
0.000335243
0.000307717
0.000282272
0.000258765
0.000237064
0.000217044
0.000198587
0.000181584
0.00016593
0.000151528
0.000138287
0.000126122
0.000114954
0.000104707
9.53116e-05
8.67036e-05
7.88222e-05
7.1611e-05
6.50175e-05
5.89929e-05
5.3492e-05
4.84726e-05
4.38958e-05
3.97253e-05
3.59278e-05
3.24722e-05
2.93299e-05
2.64744e-05
2.38814e-05
2.15283e-05
1.93945e-05
1.74608e-05
1.57096e-05
1.41248e-05
1.26916e-05
1.13963e-05
1.02266e-05
9.17088e-06
8.21878e-06
7.36068e-06
6.58786e-06
5.8923e-06
5.26672e-06
4.70445e-06
4.19945e-06
3.74619e-06
3.33965e-06
2.97526e-06
2.64888e-06
2.35674e-06
2.09544e-06
1.86187e-06
1.65325e-06
1.46702e-06
1.30092e-06
1.15285e-06
1.02096e-06
9.0355e-07
7.99115e-07
7.06279e-07
6.23813e-07
5.50608e-07
4.8567e-07
4.28104e-07
3.77109e-07
3.31966e-07
2.92032e-07
2.56729e-07
2.25543e-07
1.98012e-07
1.73725e-07
1.52314e-07
1.33453e-07
1.16848e-07
1.02241e-07
8.93988e-08
7.81173e-08
6.82133e-08
5.95248e-08
5.19078e-08
4.52348e-08
3.9393e-08
3.42824e-08
2.98145e-08
2.59114e-08
2.25039e-08
1.95312e-08
1.69396e-08
1.4682e-08
1.27165e-08
1.10066e-08
9.52018e-09
8.22885e-09
7.1078e-09
6.13528e-09
5.2922e-09
4.56184e-09
3.92957e-09
3.38262e-09
2.90979e-09
2.50133e-09
2.14873e-09
1.84456e-09
1.58236e-09
1.35649e-09
1.16206e-09
9.94813e-10
8.51045e-10
7.2755e-10
6.21545e-10
5.30616e-10
4.52675e-10
3.85915e-10
3.28772e-10
2.79895e-10
2.38118e-10
2.02436e-10
1.71981e-10
1.46005e-10
1.23866e-10
1.05011e-10
8.89634e-11
7.53156e-11
6.37166e-11
5.38662e-11
4.55066e-11
3.84173e-11
3.24096e-11
2.73222e-11
2.30171e-11
1.93767e-11
1.63005e-11
1.3703e-11
1.15113e-11
9.6633e-12
8.10621e-12
6.79521e-12
5.69219e-12
4.76483e-12
3.98571e-12
3.33163e-12
2.78289e-12
2.32289e-12
1.93753e-12
1.61495e-12
1.34512e-12
1.11957e-12
9.31171e-13
7.73922e-13
6.42767e-13
5.33455e-13
4.42415e-13
3.66649e-13
3.03639e-13
2.51276e-13
2.07794e-13
1.71712e-13
1.41793e-13
1.17002e-13
9.64763e-14
7.94935e-14
6.54527e-14
5.38529e-14
4.42766e-14
3.63768e-14
2.98647e-14
2.45006e-14
2.00852e-14
1.64536e-14
1.34688e-14
1.10174e-14
9.00555e-15
7.3557e-15
6.00371e-15
4.89662e-15
3.99075e-15
3.25008e-15
2.64492e-15
2.15086e-15
1.7478e-15
1.41922e-15
1.15157e-15
9.337e-16
7.5649e-16
6.12461e-16
4.95486e-16
4.00555e-16
3.23571e-16
2.61189e-16
2.10677e-16
1.69807e-16
1.36764e-16
1.10069e-16
8.85177e-17
7.11333e-17
5.71203e-17
4.58335e-17
3.67493e-17
2.94436e-17
2.35725e-17
1.88579e-17
1.50749e-17
1.20417e-17
9.61162e-18
7.66613e-18
6.1098e-18
4.86576e-18
3.87208e-18
3.079e-18
2.4465e-18
1.94246e-18
1.54109e-18
1.22173e-18
9.67812e-19
7.66083e-19
6.05939e-19
4.78907e-19
3.78217e-19
2.98469e-19
2.35355e-19
1.85446e-19
1.46008e-19
1.14869e-19
9.03012e-20
7.09335e-20
5.56768e-20
4.3668e-20
3.42228e-20
2.67999e-20
2.09708e-20
1.63969e-20
1.28106e-20
1.0001e-20
7.80148e-21
6.08099e-21
