1.06063e-15
1.1503e-15
1.33678e-15
1.63485e-15
2.06807e-15
2.67049e-15
3.48915e-15
4.58753e-15
6.05015e-15
7.98862e-15
1.05496e-14
1.39251e-14
1.83659e-14
2.41992e-14
3.18506e-14
4.18731e-14
5.49844e-14
7.21148e-14
9.4468e-14
1.236e-13
1.61519e-13
2.10813e-13
2.74817e-13
3.57816e-13
4.65315e-13
6.0437e-13
7.84025e-13
1.01584e-12
1.3146e-12
1.69914e-12
2.1935e-12
2.82823e-12
3.64218e-12
4.68467e-12
6.0182e-12
7.72191e-12
9.89585e-12
1.26664e-11
1.61927e-11
2.06757e-11
2.63675e-11
3.35853e-11
4.27267e-11
5.42901e-11
6.88989e-11
8.73321e-11
1.10562e-10
1.39801e-10
1.76556e-10
2.22703e-10
2.8057e-10
3.53042e-10
4.43693e-10
5.5694e-10
6.98242e-10
8.74327e-10
1.09348e-09
1.36591e-09
1.70413e-09
2.1235e-09
2.64286e-09
3.28524e-09
4.07879e-09
5.05784e-09
6.26427e-09
7.74902e-09
9.57401e-09
1.18144e-08
1.45613e-08
1.79251e-08
2.2039e-08
2.70642e-08
3.31946e-08
4.06642e-08
4.9754e-08
6.08015e-08
7.42116e-08
9.04692e-08
1.10154e-07
1.33959e-07
1.6271e-07
1.97391e-07
2.39174e-07
2.89447e-07
3.49862e-07
4.22373e-07
5.09291e-07
6.13349e-07
7.37769e-07
8.86349e-07
1.06356e-06
1.27464e-06
1.52576e-06
1.82413e-06
2.1782e-06
2.59783e-06
3.09453e-06
3.68172e-06
4.375e-06
5.19251e-06
6.15528e-06
7.28769e-06
8.61795e-06
1.01786e-05
1.20073e-05
1.41474e-05
1.66485e-05
1.95681e-05
2.29716e-05
2.69344e-05
3.15424e-05
3.68938e-05
4.31007e-05
5.02906e-05
5.86086e-05
6.82193e-05
7.93095e-05
9.20906e-05
0.000106801
0.000123712
0.000143125
0.000165384
0.000190872
0.000220021
0.000253313
0.000291288
0.000334548
0.000383767
0.000439692
0.000503155
0.000575078
0.000656484
0.000748502
0.000852382
0.000969499
0.00110137
0.00124966
0.00141618
0.00160295
0.00181215
0.00204617
0.00230759
0.00259926
0.00292423
0.00328584
0.00368768
0.00413363
0.00462789
0.00517495
0.00577966
0.00644719
0.00718307
0.00799324
0.00888398
0.00986199
0.0109344
0.0121087
0.0133928
0.014795
0.0163243
0.0179898
0.0198011
0.0217683
0.0239019
0.0262128
0.0287122
0.0314117
0.0343234
0.0374593
0.0408322
0.0444547
0.0483399
0.0525007
0.0569505
0.0617025
0.0667698
0.0721656
0.0779027
0.0839939
0.0904514
0.0972871
0.104512
0.112138
0.120174
0.128629
0.137513
0.146831
0.156591
0.166796
0.177451
0.188558
0.200117
0.212126
0.224583
0.237483
0.25082
0.264584
0.278764
0.293348
0.308321
0.323664
0.339358
0.355382
0.371711
0.388318
0.405175
0.422251
0.439512
0.456924
0.474449
0.492049
0.509682
0.527306
0.544878
0.562352
0.579683
0.596822
0.613723
0.630336
0.646614
0.662507
0.677967
0.692946
0.707396
0.721272
0.734527
0.747119
0.759004
0.770143
0.780497
0.790031
0.79871
0.806506
0.813389
0.819336
0.824324
0.828337
0.83136
0.833381
0.834393
0.834393
0.833381
0.83136
0.828337
0.824324
0.819336
0.813389
0.806506
0.79871
0.790031
0.780497
0.770143
0.759004
0.747119
0.734527
0.721272
0.707396
0.692946
0.677967
0.662507
0.646614
0.630336
0.613723
0.596822
0.579683
0.562352
0.544878
0.527306
0.509682
0.492049
0.474449
0.456924
0.439512
0.422251
0.405175
0.388318
0.371711
0.355382
0.339358
0.323664
0.308321
0.293348
0.278764
0.264584
0.25082
0.237483
0.224583
0.212126
0.200117
0.188558
0.177451
0.166796
0.156591
0.146831
0.137513
0.128629
0.120174
0.112138
0.104512
0.0972871
0.0904514
0.0839939
0.0779027
0.0721656
0.0667698
0.0617025
0.0569505
0.0525007
0.0483399
0.0444547
0.0408322
0.0374593
0.0343234
0.0314117
0.0287122
0.0262128
0.0239019
0.0217683
0.0198011
0.0179898
0.0163243
0.014795
0.0133928
0.0121087
0.0109344
0.00986199
0.00888398
0.00799324
0.00718307
0.00644719
0.00577966
0.00517495
0.00462789
0.00413363
0.00368768
0.00328584
0.00292423
0.00259926
0.00230759
0.00204617
0.00181215
0.00160295
0.00141618
0.00124966
0.00110137
0.000969499
0.000852382
0.000748502
0.000656484
0.000575078
0.000503155
0.000439692
0.000383767
0.000334548
0.000291288
0.000253313
0.000220021
0.000190872
0.000165384
0.000143125
0.000123712
0.000106801
9.20906e-05
7.93095e-05
6.82193e-05
5.86086e-05
5.02906e-05
4.31007e-05
3.68938e-05
3.15424e-05
2.69344e-05
2.29716e-05
1.95681e-05
1.66485e-05
1.41474e-05
1.20073e-05
1.01786e-05
8.61795e-06
7.28769e-06
6.15528e-06
5.19251e-06
4.375e-06
3.68172e-06
3.09453e-06
2.59783e-06
2.1782e-06
1.82413e-06
1.52576e-06
1.27464e-06
1.06356e-06
8.86349e-07
7.37769e-07
6.13349e-07
5.09291e-07
4.22373e-07
3.49862e-07
2.89447e-07
2.39174e-07
1.97391e-07
1.6271e-07
1.33959e-07
1.10154e-07
9.04692e-08
7.42116e-08
6.08015e-08
4.9754e-08
4.06642e-08
3.31946e-08
2.70642e-08
2.2039e-08
1.79251e-08
1.45613e-08
1.18144e-08
9.57401e-09
7.74902e-09
6.26427e-09
5.05784e-09
4.07879e-09
3.28524e-09
2.64286e-09
2.1235e-09
1.70413e-09
1.36591e-09
1.09348e-09
8.74327e-10
6.98242e-10
5.5694e-10
4.43693e-10
3.53042e-10
2.8057e-10
2.22703e-10
1.76556e-10
1.39801e-10
1.10562e-10
8.73321e-11
6.88989e-11
5.42901e-11
4.27267e-11
3.35853e-11
2.63675e-11
2.06757e-11
1.61927e-11
1.26664e-11
9.89585e-12
7.72191e-12
6.0182e-12
4.68467e-12
3.64218e-12
2.82823e-12
2.1935e-12
1.69914e-12
1.3146e-12
1.01584e-12
7.84025e-13
6.0437e-13
4.65315e-13
3.57816e-13
2.74817e-13
2.10813e-13
1.61519e-13
1.236e-13
9.4468e-14
7.21148e-14
5.49844e-14
4.18731e-14
3.18506e-14
2.41992e-14
1.83659e-14
1.39251e-14
1.05496e-14
7.98862e-15
6.05015e-15
4.58753e-15
3.48915e-15
2.67049e-15
2.06807e-15
1.63485e-15
1.33678e-15
1.1503e-15
1.06063e-15
