1.89899e-28
2.01909e-28
2.26665e-28
2.65676e-28
3.21321e-28
3.96983e-28
4.97248e-28
6.28178e-28
7.97658e-28
1.01586e-27
1.29582e-27
1.65421e-27
2.11226e-27
2.69703e-27
3.44287e-27
4.39343e-27
5.6041e-27
7.1451e-27
9.10541e-27
1.15978e-26
1.47648e-26
1.87871e-26
2.38927e-26
3.03701e-26
3.85834e-26
4.89924e-26
6.21771e-26
7.8869e-26
9.99898e-26
1.26701e-25
1.60463e-25
2.03116e-25
2.56974e-25
3.24942e-25
4.10674e-25
5.18756e-25
6.54941e-25
8.26447e-25
1.04232e-24
1.3139e-24
1.65538e-24
2.08453e-24
2.62356e-24
3.30027e-24
4.14936e-24
5.2142e-24
6.54891e-24
8.22099e-24
1.03146e-23
1.29348e-23
1.62121e-23
2.03092e-23
2.54285e-23
3.18217e-23
3.98017e-23
4.97571e-23
6.21703e-23
7.76401e-23
9.6909e-23
1.20898e-22
1.50746e-22
1.87866e-22
2.34007e-22
2.91328e-22
3.62503e-22
4.50833e-22
5.60397e-22
6.96229e-22
8.64536e-22
1.07298e-21
1.33098e-21
1.65018e-21
2.04486e-21
2.53264e-21
3.13515e-21
3.87901e-21
4.79686e-21
5.92885e-21
7.32419e-21
9.04326e-21
1.11601e-20
1.37652e-20
1.69698e-20
2.09097e-20
2.5751e-20
3.16969e-20
3.89956e-20
4.79502e-20
5.89308e-20
7.23888e-20
8.88743e-20
1.09058e-19
1.33757e-19
1.63965e-19
2.00892e-19
2.46009e-19
3.01104e-19
3.68349e-19
4.50379e-19
5.50395e-19
6.72277e-19
8.20726e-19
1.00144e-18
1.22132e-18
1.48872e-18
1.81372e-18
2.20855e-18
2.68795e-18
3.26973e-18
3.9754e-18
4.83089e-18
5.86747e-18
7.12281e-18
8.64232e-18
1.04806e-17
1.27034e-17
1.53898e-17
1.86347e-17
2.25522e-17
2.72794e-17
3.29805e-17
3.98528e-17
4.81324e-17
5.81024e-17
7.01018e-17
8.45362e-17
1.0189e-16
1.22745e-16
1.47792e-16
1.7786e-16
2.13935e-16
2.57196e-16
3.09047e-16
3.71163e-16
4.45536e-16
5.34538e-16
6.40994e-16
7.68259e-16
9.20322e-16
1.10192e-15
1.31868e-15
1.57728e-15
1.88563e-15
2.25311e-15
2.69083e-15
3.21197e-15
3.83207e-15
4.56957e-15
5.44623e-15
6.48778e-15
7.72458e-15
9.19249e-15
1.09338e-14
1.29983e-14
1.54448e-14
1.83425e-14
2.17727e-14
2.58313e-14
3.06308e-14
3.63038e-14
4.30055e-14
5.09185e-14
6.02568e-14
7.12717e-14
8.42573e-14
9.95583e-14
1.17578e-13
1.3879e-13
1.63744e-13
1.93088e-13
2.27575e-13
2.68085e-13
3.15647e-13
3.71459e-13
4.36917e-13
5.1365e-13
6.03554e-13
7.08835e-13
8.32059e-13
9.7621e-13
1.14476e-12
1.34172e-12
1.57178e-12
1.84036e-12
2.15374e-12
2.51921e-12
2.9452e-12
3.44149e-12
4.01938e-12
4.69193e-12
5.47425e-12
6.38379e-12
7.44069e-12
8.66819e-12
1.00931e-11
1.17463e-11
1.36634e-11
1.58853e-11
1.84593e-11
2.14395e-11
2.48882e-11
2.88773e-11
3.34887e-11
3.8817e-11
4.49703e-11
5.20728e-11
6.02667e-11
6.97148e-11
8.06034e-11
9.31458e-11
1.07586e-10
1.24201e-10
1.43311e-10
1.65278e-10
1.90516e-10
2.19497e-10
2.52759e-10
2.90916e-10
3.34664e-10
3.84797e-10
4.42218e-10
5.07952e-10
5.83163e-10
6.69174e-10
7.67485e-10
8.79797e-10
1.00804e-09
1.15439e-09
1.32133e-09
1.51164e-09
1.7285e-09
1.97549e-09
2.25662e-09
2.57647e-09
2.94018e-09
3.35355e-09
3.82311e-09
4.35624e-09
4.96121e-09
5.64737e-09
6.42521e-09
7.30651e-09
8.30452e-09
9.43413e-09
1.0712e-08
1.21569e-08
1.37897e-08
1.56341e-08
1.77162e-08
2.00655e-08
2.2715e-08
2.57015e-08
2.90661e-08
3.28546e-08
3.71184e-08
4.19145e-08
4.73066e-08
5.33657e-08
6.01706e-08
6.78094e-08
7.63796e-08
8.599e-08
9.67611e-08
1.08827e-07
1.22336e-07
1.37454e-07
1.54362e-07
1.73264e-07
1.94382e-07
2.17966e-07
2.44289e-07
2.73654e-07
3.06396e-07
3.42884e-07
3.83526e-07
4.2877e-07
4.79112e-07
5.35098e-07
5.97327e-07
6.6646e-07
7.43223e-07
8.28414e-07
9.22909e-07
1.02767e-06
1.14375e-06
1.27231e-06
1.41461e-06
1.57204e-06
1.74612e-06
1.93851e-06
2.15103e-06
2.38565e-06
2.64454e-06
2.93007e-06
3.24481e-06
3.59156e-06
3.97339e-06
4.39362e-06
4.85587e-06
5.36408e-06
5.92253e-06
6.53586e-06
7.20911e-06
7.94775e-06
8.7577e-06
9.64539e-06
1.06178e-05
1.16824e-05
1.28473e-05
1.41213e-05
1.5514e-05
1.70356e-05
1.8697e-05
2.05103e-05
2.24882e-05
2.46446e-05
2.69944e-05
2.95535e-05
3.23391e-05
3.53696e-05
3.8665e-05
4.22463e-05
4.61363e-05
5.03596e-05
5.4942e-05
5.99117e-05
6.52984e-05
7.1134e-05
7.74527e-05
8.42906e-05
9.16868e-05
9.96823e-05
0.000108321
0.00011765
0.00012772
0.000138581
0.000150293
0.000162912
0.000176504
0.000191135
0.000206876
0.000223802
0.000241992
0.000261531
0.000282508
0.000305015
0.000329153
0.000355024
0.000382738
0.000412411
0.000444165
0.000478125
0.000514427
0.000553211
0.000594624
0.000638819
0.000685959
0.000736212
0.000789756
0.000846772
0.000907456
0.000972006
0.00104063
0.00111355
0.00119099
0.00127318
0.00136037
0.0014528
0.00155075
0.00165449
0.00176429
0.00188044
0.00200325
0.00213302
0.00227007
0.00241473
0.00256734
0.00272824
0.00289779
0.00307635
0.0032643
0.00346201
0.00366988
0.00388831
0.00411769
0.00435845
0.00461101
0.00487578
0.0051532
0.00544372
0.00574776
0.00606579
0.00639824
0.00674558
0.00710825
0.00748671
0.00788142
0.00829284
0.00872141
0.00916761
0.00963185
0.0101146
0.0106163
0.0111374
0.0116782
0.0122393
0.012821
0.0134237
0.0140477
0.0146936
0.0153615
0.0160518
0.0167648
0.0175009
0.0182603
0.0190432
0.0198498
0.0206804
0.021535
0.022414
0.0233172
0.0242449
0.025197
0.0261736
0.0271746
0.0281999
0.0292494
0.0303231
0.0314206
0.0325417
0.0336862
0.0348537
0.0360438
0.0372562
0.0384904
0.0397458
0.0410218
0.0423179
0.0436334
0.0449676
0.0463196
0.0476888
0.0490741
0.0504748
0.0518899
0.0533182
0.0547588
0.0562106
0.0576723
0.0591429
0.060621
0.0621054
0.0635947
0.0650875
0.0665825
0.0680783
0.0695732
0.0710659
0.0725547
0.0740382
0.0755147
0.0769827
0.0784404
0.0798863
0.0813187
0.0827359
0.0841363
0.0855181
0.0868797
0.0882194
0.0895356
0.0908265
0.0920906
0.0933262
0.0945317
0.0957055
0.0968461
0.0979518
0.0990214
0.100053
0.101046
0.101998
0.102908
0.103775
0.104598
0.105376
0.106106
0.106789
0.107424
0.108009
0.108543
0.109026
0.109458
0.109837
0.110162
0.110435
0.110653
0.110817
0.110926
0.110981
0.110981
0.110926
0.110817
0.110653
0.110435
0.110162
0.109837
0.109458
0.109026
0.108543
0.108009
0.107424
0.106789
0.106106
0.105376
0.104598
0.103775
0.102908
0.101998
0.101046
0.100053
0.0990214
0.0979518
0.0968461
0.0957055
0.0945317
0.0933262
0.0920906
0.0908265
0.0895356
0.0882194
0.0868797
0.0855181
0.0841363
0.0827359
0.0813187
0.0798863
0.0784404
0.0769827
0.0755147
0.0740382
0.0725547
0.0710659
0.0695732
0.0680783
0.0665825
0.0650875
0.0635947
0.0621054
0.060621
0.0591429
0.0576723
0.0562106
0.0547588
0.0533182
0.0518899
0.0504748
0.0490741
0.0476888
0.0463196
0.0449676
0.0436334
0.0423179
0.0410218
0.0397458
0.0384904
0.0372562
0.0360438
0.0348537
0.0336862
0.0325417
0.0314206
0.0303231
0.0292494
0.0281999
0.0271746
0.0261736
0.025197
0.0242449
0.0233172
0.022414
0.021535
0.0206804
0.0198498
0.0190432
0.0182603
0.0175009
0.0167648
0.0160518
0.0153615
0.0146936
0.0140477
0.0134237
0.012821
0.0122393
0.0116782
0.0111374
0.0106163
0.0101146
0.00963185
0.00916761
0.00872141
0.00829284
0.00788142
0.00748671
0.00710825
0.00674558
0.00639824
0.00606579
0.00574776
0.00544372
0.0051532
0.00487578
0.00461101
0.00435845
0.00411769
0.00388831
0.00366988
0.00346201
0.0032643
0.00307635
0.00289779
0.00272824
0.00256734
0.00241473
0.00227007
0.00213302
0.00200325
0.00188044
0.00176429
0.00165449
0.00155075
0.0014528
0.00136037
0.00127318
0.00119099
0.00111355
0.00104063
0.000972006
0.000907456
0.000846772
0.000789756
0.000736212
0.000685959
0.000638819
0.000594624
0.000553211
0.000514427
0.000478125
0.000444165
0.000412411
0.000382738
0.000355024
0.000329153
0.000305015
0.000282508
0.000261531
0.000241992
0.000223802
0.000206876
0.000191135
0.000176504
0.000162912
0.000150293
0.000138581
0.00012772
0.00011765
0.000108321
9.96823e-05
9.16868e-05
8.42906e-05
7.74527e-05
7.1134e-05
6.52984e-05
5.99117e-05
5.4942e-05
5.03596e-05
4.61363e-05
4.22463e-05
3.8665e-05
3.53696e-05
3.23391e-05
2.95535e-05
2.69944e-05
2.46446e-05
2.24882e-05
2.05103e-05
1.8697e-05
1.70356e-05
1.5514e-05
1.41213e-05
1.28473e-05
1.16824e-05
1.06178e-05
9.64539e-06
8.7577e-06
7.94775e-06
7.20911e-06
6.53586e-06
5.92253e-06
5.36408e-06
4.85587e-06
4.39362e-06
3.97339e-06
3.59156e-06
3.24481e-06
2.93007e-06
2.64454e-06
2.38565e-06
2.15103e-06
1.93851e-06
1.74612e-06
1.57204e-06
1.41461e-06
1.27231e-06
1.14375e-06
1.02767e-06
9.22909e-07
8.28414e-07
7.43223e-07
6.6646e-07
5.97327e-07
5.35098e-07
4.79112e-07
4.2877e-07
3.83526e-07
3.42884e-07
3.06396e-07
2.73654e-07
2.44289e-07
2.17966e-07
1.94382e-07
1.73264e-07
1.54362e-07
1.37454e-07
1.22336e-07
1.08827e-07
9.67611e-08
8.599e-08
7.63796e-08
6.78094e-08
6.01706e-08
5.33657e-08
4.73066e-08
4.19145e-08
3.71184e-08
3.28546e-08
2.90661e-08
2.57015e-08
2.2715e-08
2.00655e-08
1.77162e-08
1.56341e-08
1.37897e-08
1.21569e-08
1.0712e-08
9.43413e-09
8.30452e-09
7.30651e-09
6.42521e-09
5.64737e-09
4.96121e-09
4.35624e-09
3.82311e-09
3.35355e-09
2.94018e-09
2.57647e-09
2.25662e-09
1.97549e-09
1.7285e-09
1.51164e-09
1.32133e-09
1.15439e-09
1.00804e-09
8.79797e-10
7.67485e-10
6.69174e-10
5.83163e-10
5.07952e-10
4.42218e-10
3.84797e-10
3.34664e-10
2.90916e-10
2.52759e-10
2.19497e-10
1.90516e-10
1.65278e-10
1.43311e-10
1.24201e-10
1.07586e-10
9.31458e-11
8.06034e-11
6.97148e-11
6.02667e-11
5.20728e-11
4.49703e-11
3.8817e-11
3.34887e-11
2.88773e-11
2.48882e-11
2.14395e-11
1.84593e-11
1.58853e-11
1.36634e-11
1.17463e-11
1.00931e-11
8.66819e-12
7.44069e-12
6.38379e-12
5.47425e-12
4.69193e-12
4.01938e-12
3.44149e-12
2.9452e-12
2.51921e-12
2.15374e-12
1.84036e-12
1.57178e-12
1.34172e-12
1.14476e-12
9.7621e-13
8.32059e-13
7.08835e-13
6.03554e-13
5.1365e-13
4.36917e-13
3.71459e-13
3.15647e-13
2.68085e-13
2.27575e-13
1.93088e-13
1.63744e-13
1.3879e-13
1.17578e-13
9.95583e-14
8.42573e-14
7.12717e-14
6.02568e-14
5.09185e-14
4.30055e-14
3.63038e-14
3.06308e-14
2.58313e-14
2.17727e-14
1.83425e-14
1.54448e-14
1.29983e-14
1.09338e-14
9.19249e-15
7.72458e-15
6.48778e-15
5.44623e-15
4.56957e-15
3.83207e-15
3.21197e-15
2.69083e-15
2.25311e-15
1.88563e-15
1.57728e-15
1.31868e-15
1.10192e-15
9.20322e-16
7.68259e-16
6.40994e-16
5.34538e-16
4.45536e-16
3.71163e-16
3.09047e-16
2.57196e-16
2.13935e-16
1.7786e-16
1.47792e-16
1.22745e-16
1.0189e-16
8.45362e-17
7.01018e-17
5.81024e-17
4.81324e-17
3.98528e-17
3.29805e-17
2.72794e-17
2.25522e-17
1.86347e-17
1.53898e-17
1.27034e-17
1.04806e-17
8.64232e-18
7.12281e-18
5.86747e-18
4.83089e-18
3.9754e-18
3.26973e-18
2.68795e-18
2.20855e-18
1.81372e-18
1.48872e-18
1.22132e-18
1.00144e-18
8.20726e-19
6.72277e-19
5.50395e-19
4.50379e-19
3.68349e-19
3.01104e-19
2.46009e-19
2.00892e-19
1.63965e-19
1.33757e-19
1.09058e-19
8.88743e-20
7.23888e-20
5.89308e-20
4.79502e-20
3.89956e-20
3.16969e-20
2.5751e-20
2.09097e-20
1.69698e-20
1.37652e-20
1.11601e-20
9.04326e-21
7.32419e-21
5.92885e-21
4.79686e-21
3.87901e-21
3.13515e-21
2.53264e-21
2.04486e-21
1.65018e-21
1.33098e-21
1.07298e-21
8.64536e-22
6.96229e-22
5.60397e-22
4.50833e-22
3.62503e-22
2.91328e-22
2.34007e-22
1.87866e-22
1.50746e-22
1.20898e-22
9.6909e-23
7.76401e-23
6.21703e-23
4.97571e-23
3.98017e-23
3.18217e-23
2.54285e-23
2.03092e-23
1.62121e-23
1.29348e-23
1.03146e-23
8.22099e-24
6.54891e-24
5.2142e-24
4.14936e-24
3.30027e-24
2.62356e-24
2.08453e-24
1.65538e-24
1.3139e-24
1.04232e-24
8.26447e-25
6.54941e-25
5.18756e-25
4.10674e-25
3.24942e-25
2.56974e-25
2.03116e-25
1.60463e-25
1.26701e-25
9.99898e-26
7.8869e-26
6.21771e-26
4.89924e-26
3.85834e-26
3.03701e-26
2.38927e-26
1.87871e-26
1.47648e-26
1.15978e-26
9.10541e-27
7.1451e-27
5.6041e-27
4.39343e-27
3.44287e-27
2.69703e-27
2.11226e-27
1.65421e-27
1.29582e-27
1.01586e-27
7.97658e-28
6.28178e-28
4.97248e-28
3.96983e-28
3.21321e-28
2.65676e-28
2.26665e-28
2.01909e-28
1.89899e-28
