4.56612e-06
4.89545e-06
5.57366e-06
6.64078e-06
8.15906e-06
1.02158e-05
1.29271e-05
1.64428e-05
2.09528e-05
2.66946e-05
3.39626e-05
4.31194e-05
5.46084e-05
6.89699e-05
8.68588e-05
0.000109065
0.00013654
0.000170421
0.000212064
0.000263081
0.000325379
0.000401203
0.000493191
0.000604423
0.000738486
0.000899537
0.00109237
0.00132251
0.00159626
0.00192082
0.00230432
0.00275599
0.00328617
0.00390643
0.00462964
0.00547006
0.00644342
0.00756691
0.0088593
0.0103409
0.0120337
0.013961
0.0161479
0.0186207
0.0214069
0.0245354
0.0280358
0.0319384
0.0362739
0.0410731
0.0463662
0.0521828
0.058551
0.0654973
0.0730457
0.0812173
0.0900294
0.0994953
0.109624
0.120417
0.131873
0.143981
0.156725
0.170081
0.184016
0.19849
0.213455
0.228854
0.244621
0.260684
0.27696
0.293363
0.309797
0.326163
0.342354
0.358262
0.373776
0.388783
0.403169
0.416823
0.429636
0.441505
0.452329
0.462018
0.470488
0.477665
0.483485
0.487896
0.49086
0.492348
0.492348
0.49086
0.487896
0.483485
0.477665
0.470488
0.462018
0.452329
0.441505
0.429636
0.416823
0.403169
0.388783
0.373776
0.358262
0.342354
0.326163
0.309797
0.293363
0.27696
0.260684
0.244621
0.228854
0.213455
0.19849
0.184016
0.170081
0.156725
0.143981
0.131873
0.120417
0.109624
0.0994953
0.0900294
0.0812173
0.0730457
0.0654973
0.058551
0.0521828
0.0463662
0.0410731
0.0362739
0.0319384
0.0280358
0.0245354
0.0214069
0.0186207
0.0161479
0.013961
0.0120337
0.0103409
0.0088593
0.00756691
0.00644342
0.00547006
0.00462964
0.00390643
0.00328617
0.00275599
0.00230432
0.00192082
0.00159626
0.00132251
0.00109237
0.000899537
0.000738486
0.000604423
0.000493191
0.000401203
0.000325379
0.000263081
0.000212064
0.000170421
0.00013654
0.000109065
8.68588e-05
6.89699e-05
5.46084e-05
4.31194e-05
3.39626e-05
2.66946e-05
2.09528e-05
1.64428e-05
1.29271e-05
1.02158e-05
8.15906e-06
6.64078e-06
5.57366e-06
4.89545e-06
4.56612e-06
