0.0412079
0.0417853
0.0429382
0.0446625
0.0469522
0.0497989
0.0531914
0.057116
0.0615555
0.0664895
0.0718935
0.0777391
0.0839935
0.0906195
0.097575
0.104813
0.112284
0.11993
0.127692
0.135506
0.143307
0.151023
0.158585
0.16592
0.172956
0.179623
0.18585
0.191573
0.196729
0.201262
0.205121
0.208263
0.210651
0.212259
0.213068
0.213068
0.212259
0.210651
0.208263
0.205121
0.201262
0.196729
0.191573
0.18585
0.179623
0.172956
0.16592
0.158585
0.151023
0.143307
0.135506
0.127692
0.11993
0.112284
0.104813
0.097575
0.0906195
0.0839935
0.0777391
0.0718935
0.0664895
0.0615555
0.057116
0.0531914
0.0497989
0.0469522
0.0446625
0.0429382
0.0417853
0.0412079
