6.58156e-05
7.43682e-05
8.39539e-05
9.46867e-05
0.000106692
0.000120107
0.000135083
0.000151783
0.000170389
0.000191096
0.000214119
0.00023969
0.000268064
0.000299514
0.000334339
0.000372863
0.000415433
0.000462428
0.000514253
0.000571347
0.00063418
0.000703257
0.00077912
0.000862349
0.000953565
0.00105343
0.00116265
0.00128197
0.0014122
0.00155417
0.00170879
0.001877
0.0020598
0.00225825
0.00247346
0.00270658
0.00295884
0.00323152
0.00352594
0.0038435
0.00418563
0.00455385
0.00494969
0.00537477
0.00583073
0.00631927
0.00684215
0.00740113
0.00799805
0.00863476
0.00931313
0.0100351
0.0108025
0.0116173
0.0124815
0.0133969
0.0143655
0.0153891
0.0164695
0.0176087
0.0188082
0.0200699
0.0213952
0.0227858
0.0242429
0.025768
0.0273621
0.0290264
0.0307616
0.0325685
0.0344475
0.0363991
0.0384233
0.0405201
0.0426891
0.0449297
0.0472411
0.0496222
0.0520716
0.0545878
0.0571687
0.0598121
0.0625154
0.065276
0.0680904
0.0709553
0.0738669
0.0768212
0.0798137
0.0828397
0.0858943
0.0889722
0.0920677
0.0951754
0.0982888
0.101402
0.104508
0.107601
0.110674
0.113719
0.116729
0.119699
0.122619
0.125483
0.128283
0.131013
0.133665
0.136231
0.138705
0.14108
0.143349
0.145506
0.147544
0.149457
0.15124
0.152887
0.154393
0.155754
0.156965
0.158022
0.158922
0.159663
0.160241
0.160655
0.160903
0.160984
0.160898
0.160646
0.160227
0.159642
0.158894
0.157985
0.156917
0.155693
0.154317
0.152793
0.151125
0.149319
0.14738
0.145312
0.143123
0.140818
0.138404
0.135888
0.133277
0.130577
0.127797
0.124943
0.122023
0.119045
0.116015
0.112943
0.109835
0.106698
0.10354
0.100368
0.0971885
0.0940092
0.0908364
0.0876763
0.0845351
0.0814187
0.0783326
0.0752822
0.0722724
0.0693079
0.066393
0.0635318
0.0607279
0.0579846
0.0553051
0.0526919
0.0501475
0.0476739
0.0452728
0.0429455
0.0406933
0.0385169
0.0364169
0.0343935
0.0324469
0.0305767
0.0287825
0.0270637
0.0254194
0.0238485
0.02235
0.0209224
0.0195642
0.0182738
0.0170496
0.0158896
0.0147921
0.0137549
0.0127762
0.0118538
0.0109857
0.0101697
0.00940376
0.00868572
0.00801346
0.00738489
0.00679795
0.00625057
0.00574076
0.00526656
0.00482604
0.00441734
0.00403865
0.00368822
0.00336436
0.00306542
0.00278986
0.00253616
0.00230288
0.00208866
0.0018922
0.00171223
0.0015476
0.00139719
0.00125993
0.00113485
0.001021
0.000917504
0.000823543
0.000738345
0.000661189
0.000591407
0.000528371
0.000471503
0.000420262
0.000374152
0.000332709
0.000295509
0.00026216
0.0002323
0.000205598
0.000181751
0.000160479
0.000141529
0.000124669
0.000109687
9.63906e-05
8.46051e-05
7.41719e-05
6.49478e-05
5.68026e-05
4.96196e-05
4.32928e-05
3.77274e-05
3.28379e-05
2.85476e-05
2.4788e-05
2.14975e-05
1.86212e-05
1.61102e-05
1.39209e-05
1.20146e-05
1.03566e-05
8.91663e-06
7.66747e-06
6.58526e-06
5.64887e-06
4.8397e-06
4.14135e-06
3.53942e-06
3.02125e-06
2.57576e-06
2.19326e-06
1.86524e-06
1.58432e-06
1.34405e-06
1.13879e-06
9.63685e-07
8.14487e-07
6.87531e-07
5.79638e-07
4.88066e-07
4.10446e-07
3.44737e-07
2.89184e-07
2.42278e-07
2.02725e-07
1.69414e-07
1.41399e-07
1.17866e-07
9.81258e-08
8.15878e-08
6.77509e-08
5.6189e-08
4.65407e-08
3.84999e-08
3.18075e-08
2.62448e-08
2.16272e-08
1.77991e-08
1.46297e-08
1.20092e-08
9.84529e-09
8.06088e-09
6.59134e-09
5.38271e-09
4.38998e-09
3.57568e-09
2.90863e-09
2.36293e-09
1.9171e-09
1.55335e-09
1.25696e-09
1.01579e-09
8.19813e-10
6.60773e-10
5.31881e-10
4.27566e-10
3.43253e-10
2.75201e-10
2.20347e-10
1.76191e-10
1.40696e-10
1.12202e-10
8.93583e-11
7.10702e-11
5.6449e-11
4.47755e-11
3.54682e-11
2.80576e-11
2.21653e-11
1.74868e-11
1.3777e-11
1.08395e-11
8.51669e-12
6.68252e-12
5.2362e-12
4.09729e-12
3.20171e-12
2.49844e-12
1.94697e-12
1.51513e-12
1.17744e-12
9.13751e-13
7.08133e-13
5.48021e-13
4.23522e-13
3.2685e-13
2.51893e-13
1.93854e-13
1.48979e-13
1.14331e-13
8.76177e-14
6.70514e-14
5.12402e-14
3.9102e-14
2.9797e-14
2.2674e-14
1.72292e-14
1.30733e-14
9.90567e-15
7.49483e-15
5.66261e-15
4.27216e-15
3.2185e-15
2.42122e-15
1.81881e-15
1.36431e-15
1.0219e-15
7.64312e-16
5.70824e-16
4.25698e-16
3.17004e-16
2.35719e-16
1.75019e-16
1.29759e-16
9.60619e-17
7.10108e-17
5.24149e-17
3.86316e-17
2.84306e-17
2.08921e-17
1.53297e-17
1.12314e-17
8.21649e-18
6.00188e-18
4.37759e-18
3.18809e-18
2.3183e-18
1.68327e-18
1.22034e-18
8.83377e-19
6.38488e-19
4.60784e-19
3.32031e-19
2.38889e-19
1.71612e-19
1.23092e-19
8.81549e-20
6.30365e-20
4.50055e-20
3.20824e-20
2.28346e-20
1.62272e-20
1.15138e-20
8.15667e-21
5.76936e-21
4.07438e-21
2.87284e-21
2.02245e-21
1.42153e-21
9.97584e-22
6.98961e-22
4.88951e-22
3.41496e-22
2.3813e-22
1.65785e-22
1.15234e-22
7.99683e-23
5.54058e-23
3.83258e-23
2.64682e-23
1.82496e-23
1.25625e-23
8.63358e-24
5.92374e-24
4.0578e-24
2.77506e-24
1.8947e-24
1.29149e-24
8.78874e-25
5.97093e-25
4.04982e-25
2.74226e-25
1.85377e-25
1.25106e-25
8.42889e-26
5.66937e-26
3.80687e-26
2.55193e-26
1.70779e-26
1.14094e-26
7.60946e-27
5.06646e-27
3.36755e-27
2.2345e-27
1.48013e-27
9.78752e-28
6.46095e-28
4.25764e-28
2.80085e-28
1.83931e-28
1.20577e-28
7.89068e-29
5.15471e-29
3.36149e-29
2.18824e-29
1.42198e-29
9.22407e-30
5.97285e-30
3.86073e-30
2.49105e-30
1.60443e-30
1.03152e-30
6.62e-31
4.24087e-31
2.71187e-31
1.73099e-31
1.10289e-31
7.01425e-32
4.45284e-32
2.82162e-32
1.78469e-32
1.12675e-32
7.10056e-33
4.46637e-33
2.80421e-33
1.75735e-33
1.09925e-33
6.86317e-34
4.27698e-34
2.66032e-34
1.65162e-34
1.02345e-34
6.32996e-35
3.90759e-35
2.40762e-35
1.4806e-35
9.08772e-36
5.5672e-36
3.40394e-36
2.07724e-36
1.26517e-36
7.69072e-37
4.66593e-37
2.82527e-37
1.70738e-37
1.02978e-37
6.19873e-38
3.72392e-38
2.23274e-38
1.33601e-38
7.97836e-39
4.75497e-39
2.8282e-39
1.67879e-39
9.94504e-40
5.87941e-40
3.46882e-40
2.04239e-40
1.20009e-40
7.03704e-41
4.11814e-41
2.40477e-41
1.40158e-41
8.14995e-42
4.72938e-42
2.74094e-42
1.58487e-42
9.15048e-43
5.26888e-43
3.05483e-43
1.73761e-43
1.00893e-43
5.88545e-44
3.64338e-44
2.24208e-44
1.26117e-44
8.40779e-45
7.00649e-45
7.00649e-45
7.00649e-45
7.00649e-45
7.00649e-45
7.00649e-45
7.00649e-45
7.00649e-45
7.00649e-45
7.00649e-45
7.00649e-45
7.00649e-45
7.00649e-45
7.00649e-45
7.00649e-45
7.00649e-45
7.00649e-45
7.00649e-45
7.00649e-45
7.00649e-45
7.00649e-45
7.00649e-45
7.00649e-45
7.00649e-45
7.00649e-45
7.00649e-45
7.00649e-45
7.00649e-45
7.00649e-45
7.00649e-45
7.00649e-45
7.00649e-45
7.00649e-45
4.2039e-45
4.2039e-45
4.2039e-45
4.2039e-45
4.2039e-45
4.2039e-45
4.2039e-45
4.2039e-45
4.2039e-45
4.2039e-45
4.2039e-45
4.2039e-45
4.2039e-45
4.2039e-45
4.2039e-45
4.2039e-45
4.2039e-45
4.2039e-45
4.2039e-45
4.2039e-45
4.2039e-45
4.2039e-45
4.2039e-45
4.2039e-45
4.2039e-45
4.2039e-45
4.2039e-45
4.2039e-45
4.2039e-45
4.2039e-45
4.2039e-45
4.2039e-45
4.2039e-45
4.2039e-45
4.2039e-45
4.2039e-45
4.2039e-45
4.2039e-45
4.2039e-45
4.2039e-45
4.2039e-45
4.2039e-45
4.2039e-45
4.2039e-45
4.2039e-45
4.2039e-45
4.2039e-45
4.2039e-45
4.2039e-45
4.2039e-45
4.2039e-45
4.2039e-45
4.2039e-45
4.2039e-45
4.2039e-45
4.2039e-45
4.2039e-45
4.2039e-45
4.2039e-45
4.2039e-45
4.2039e-45
4.2039e-45
4.2039e-45
4.2039e-45
4.2039e-45
4.2039e-45
4.2039e-45
4.2039e-45
4.2039e-45
4.2039e-45
4.2039e-45
4.2039e-45
4.2039e-45
4.2039e-45
4.2039e-45
4.2039e-45
4.2039e-45
4.2039e-45
4.2039e-45
4.2039e-45
4.2039e-45
4.2039e-45
4.2039e-45
4.2039e-45
4.2039e-45
4.2039e-45
4.2039e-45
4.2039e-45
4.2039e-45
4.2039e-45
4.2039e-45
4.2039e-45
4.2039e-45
4.2039e-45
4.2039e-45
4.2039e-45
4.2039e-45
4.2039e-45
4.2039e-45
4.2039e-45
4.2039e-45
4.2039e-45
5.60519e-45
9.80909e-45
1.26117e-44
2.10195e-44
3.36312e-44
4.90454e-44
7.42688e-44
1.10703e-43
1.66755e-43
2.4803e-43
3.75548e-43
5.63322e-43
8.40779e-43
1.25556e-42
1.87494e-42
2.79839e-42
4.16886e-42
6.21196e-42
9.24857e-42
1.37608e-41
2.0452e-41
3.03717e-41
4.50714e-41
6.68335e-41
9.90186e-41
1.46588e-40
2.16837e-40
3.20494e-40
4.73322e-40
6.9846e-40
1.02987e-39
1.51729e-39
2.23362e-39
3.28549e-39
4.82882e-39
7.09141e-39
1.04058e-38
1.52569e-38
2.23517e-38
3.27192e-38
4.7857e-38
6.9942e-38
1.02136e-37
1.4903e-37
2.17278e-37
3.16524e-37
4.60732e-37
6.70098e-37
9.73819e-37
1.41406e-36
2.05166e-36
2.97435e-36
4.30852e-36
6.2361e-36
9.01876e-36
1.30325e-35
1.88174e-35
2.71481e-35
3.91351e-35
5.63692e-35
8.1127e-35
1.16664e-34
1.67632e-34
2.40671e-34
3.45254e-34
4.94882e-34
7.08781e-34
1.01431e-33
1.45035e-33
2.07217e-33
2.95818e-33
4.2196e-33
6.01401e-33
8.56453e-33
1.21868e-32
1.7327e-32
2.46151e-32
3.49403e-32
4.95562e-32
7.02289e-32
9.94442e-32
1.40698e-31
1.98904e-31
2.8096e-31
3.96544e-31
5.5922e-31
7.87989e-31
1.10944e-30
1.56074e-30
2.19382e-30
3.08119e-30
4.32395e-30
6.06299e-30
8.49449e-30
1.18914e-29
1.6633e-29
2.32464e-29
3.24625e-29
4.52953e-29
6.31492e-29
8.79684e-29
1.22442e-28
1.70284e-28
2.36626e-28
3.28545e-28
4.55795e-28
6.31811e-28
8.75079e-28
1.21102e-27
1.67454e-27
2.31358e-27
3.19384e-27
4.40541e-27
6.07156e-27
8.36096e-27
1.15041e-26
1.58159e-26
2.17257e-26
2.98192e-26
4.08939e-26
5.60355e-26
7.672e-26
1.04953e-25
1.43457e-25
1.95924e-25
2.6736e-25
3.64539e-25
4.96628e-25
6.7602e-25
9.19448e-25
1.2495e-24
1.69661e-24
2.3018e-24
3.12028e-24
4.22628e-24
5.71955e-24
7.73401e-24
1.04493e-23
1.41061e-23
1.90267e-23
2.56425e-23
3.45299e-23
4.64588e-23
6.24566e-23
8.38931e-23
1.12593e-22
1.50985e-22
2.023e-22
2.70828e-22
3.62266e-22
4.84171e-22
6.46556e-22
8.62682e-22
1.15009e-21
1.53196e-21
2.03892e-21
2.71138e-21
3.60258e-21
4.78271e-21
6.34409e-21
8.40815e-21
1.11344e-20
1.47322e-20
1.94761e-20
2.5726e-20
3.39529e-20
4.4773e-20
5.89915e-20
7.76598e-20
1.0215e-19
1.34249e-19
1.76287e-19
2.31292e-19
3.03205e-19
3.9714e-19
5.19737e-19
6.79606e-19
8.87897e-19
1.15905e-18
1.51172e-18
1.97003e-18
2.56512e-18
3.33713e-18
4.3378e-18
5.63376e-18
7.31068e-18
9.47869e-18
1.22792e-17
1.58936e-17
2.05544e-17
2.65593e-17
3.42894e-17
4.42316e-17
5.70079e-17
7.34121e-17
9.44559e-17
1.21428e-16
1.55969e-16
2.00165e-16
2.56664e-16
3.2883e-16
4.20926e-16
5.38354e-16
6.87952e-16
8.78367e-16
1.12053e-15
1.42822e-15
1.81884e-15
2.31431e-15
2.94223e-15
3.73729e-15
4.74312e-15
6.01447e-15
7.62003e-15
9.64589e-15
1.21998e-14
1.54166e-14
1.94649e-14
2.45549e-14
3.09493e-14
3.89751e-14
4.90398e-14
6.16501e-14
7.74361e-14
9.71801e-14
1.21853e-13
1.52657e-13
1.91082e-13
2.38972e-13
2.98605e-13
3.72795e-13
4.65014e-13
5.79541e-13
7.21646e-13
8.97813e-13
1.11601e-12
1.38604e-12
1.71989e-12
2.1323e-12
2.6413e-12
3.26894e-12
4.04218e-12
4.99397e-12
6.16447e-12
7.60266e-12
9.36817e-12
1.15336e-11
1.4187e-11
1.74357e-11
2.14094e-11
2.62657e-11
3.21952e-11
3.94286e-11
4.82447e-11
5.89802e-11
7.2041e-11
8.79166e-11
1.07196e-10
1.30588e-10
1.58944e-10
1.93287e-10
2.34842e-10
2.85079e-10
3.45756e-10
4.18977e-10
5.07255e-10
6.13589e-10
7.41554e-10
8.95412e-10
1.08023e-09
1.30204e-09
1.568e-09
1.88661e-09
2.26794e-09
2.72392e-09
3.26866e-09
3.91883e-09
4.69415e-09
5.61784e-09
6.71727e-09
8.0247e-09
9.57803e-09
1.14218e-08
1.36083e-08
1.61988e-08
1.92652e-08
2.28915e-08
2.7176e-08
3.22334e-08
3.81976e-08
4.52246e-08
5.34962e-08
6.32237e-08
7.46526e-08
8.80681e-08
1.03801e-07
1.22233e-07
1.43809e-07
1.6904e-07
1.98518e-07
2.32926e-07
2.7305e-07
3.19795e-07
3.74203e-07
4.37471e-07
5.10971e-07
5.96277e-07
6.95192e-07
8.09779e-07
9.42393e-07
1.09573e-06
1.27285e-06
1.47725e-06
1.71291e-06
1.98435e-06
2.2967e-06
2.65578e-06
3.06819e-06
3.54141e-06
4.08385e-06
4.70507e-06
5.4158e-06
6.22816e-06
7.15579e-06
8.21403e-06
9.42007e-06
1.07933e-05
1.23552e-05
1.41301e-05
1.61451e-05
1.84304e-05
2.10197e-05
2.39506e-05
2.72649e-05
3.10091e-05
3.52348e-05
3.99991e-05
4.53655e-05
5.14041e-05
5.81923e-05
