2.60589e-15
2.83344e-15
3.3072e-15
4.06591e-15
5.17134e-15
6.71302e-15
8.81494e-15
1.16449e-14
1.5427e-14
2.0458e-14
2.71293e-14
3.5955e-14
4.76089e-14
6.29722e-14
8.31954e-14
1.09778e-13
1.44672e-13
1.90415e-13
2.503e-13
3.28593e-13
4.30821e-13
5.64122e-13
7.37713e-13
9.63474e-13
1.2567e-12
1.63704e-12
2.12973e-12
2.76712e-12
3.59062e-12
4.65318e-12
6.02236e-12
7.78435e-12
1.00488e-11
1.29553e-11
1.66808e-11
2.14498e-11
2.75467e-11
3.53308e-11
4.52559e-11
5.78942e-11
7.39662e-11
9.43778e-11
1.20266e-10
1.53059e-10
1.9454e-10
2.46944e-10
3.13059e-10
3.96363e-10
5.01185e-10
6.32909e-10
7.9822e-10
1.00541e-09
1.26474e-09
1.58891e-09
1.99359e-09
2.4981e-09
3.12625e-09
3.90729e-09
4.87715e-09
6.07988e-09
7.56943e-09
9.41174e-09
1.16873e-08
1.44944e-08
1.79524e-08
2.22068e-08
2.74338e-08
3.38475e-08
4.17066e-08
5.13243e-08
6.30782e-08
7.7424e-08
9.49096e-08
1.16194e-07
1.42068e-07
1.7348e-07
2.11563e-07
2.57674e-07
3.1343e-07
3.80758e-07
4.61952e-07
5.59737e-07
6.77346e-07
8.18609e-07
9.88056e-07
1.19104e-06
1.43387e-06
1.72398e-06
2.07012e-06
2.48254e-06
2.9733e-06
3.55647e-06
4.24854e-06
5.06873e-06
6.03946e-06
7.18683e-06
8.54114e-06
1.01376e-05
1.20169e-05
1.42262e-05
1.682e-05
1.9861e-05
2.34217e-05
2.7585e-05
3.24466e-05
3.81157e-05
4.47177e-05
5.23955e-05
6.13125e-05
7.16544e-05
8.36329e-05
9.74881e-05
0.000113492
0.000131953
0.000153219
0.000177683
0.000205788
0.000238031
0.000274971
0.000317234
0.000365522
0.000420617
0.000483393
0.000554822
0.000635986
0.000728083
0.000832444
0.000950536
0.00108398
0.00123457
0.00140427
0.00159524
0.00180984
0.00205067
0.00232054
0.00262256
0.00296006
0.00333669
0.0037564
0.00422346
0.00474247
0.00531841
0.00595661
0.0066628
0.00744311
0.0083041
0.00925276
0.0102965
0.0114433
0.0127013
0.0140796
0.0155873
0.0172342
0.0190306
0.0209872
0.0231152
0.0254261
0.0279321
0.0306456
0.0335794
0.0367467
0.0401609
0.0438359
0.0477855
0.052024
0.0565655
0.0614243
0.0666146
0.0721504
0.0780458
0.0843141
0.0909687
0.0980221
0.105487
0.113373
0.121693
0.130455
0.139668
0.149339
0.159474
0.170078
0.181153
0.192701
0.204722
0.217213
0.230169
0.243584
0.25745
0.271754
0.286484
0.301624
0.317155
0.333057
0.349306
0.365877
0.382741
0.399866
0.417221
0.434768
0.45247
0.470288
0.488178
0.506096
0.523997
0.541834
0.559556
0.577115
0.594459
0.611536
0.628295
0.644682
0.660645
0.676133
0.691094
0.705477
0.719232
0.732313
0.744672
0.756265
0.767051
0.776989
0.786044
0.794181
0.80137
0.807584
0.812799
0.816996
0.820157
0.822271
0.823331
0.823331
0.822271
0.820157
0.816996
0.812799
0.807584
0.80137
0.794181
0.786044
0.776989
0.767051
0.756265
0.744672
0.732313
0.719232
0.705477
0.691094
0.676133
0.660645
0.644682
0.628295
0.611536
0.594459
0.577115
0.559556
0.541834
0.523997
0.506096
0.488178
0.470288
0.45247
0.434768
0.417221
0.399866
0.382741
0.365877
0.349306
0.333057
0.317155
0.301624
0.286484
0.271754
0.25745
0.243584
0.230169
0.217213
0.204722
0.192701
0.181153
0.170078
0.159474
0.149339
0.139668
0.130455
0.121693
0.113373
0.105487
0.0980221
0.0909687
0.0843141
0.0780458
0.0721504
0.0666146
0.0614243
0.0565655
0.052024
0.0477855
0.0438359
0.0401609
0.0367467
0.0335794
0.0306456
0.0279321
0.0254261
0.0231152
0.0209872
0.0190306
0.0172342
0.0155873
0.0140796
0.0127013
0.0114433
0.0102965
0.00925276
0.0083041
0.00744311
0.0066628
0.00595661
0.00531841
0.00474247
0.00422346
0.0037564
0.00333669
0.00296006
0.00262256
0.00232054
0.00205067
0.00180984
0.00159524
0.00140427
0.00123457
0.00108398
0.000950536
0.000832444
0.000728083
0.000635986
0.000554822
0.000483393
0.000420617
0.000365522
0.000317234
0.000274971
0.000238031
0.000205788
0.000177683
0.000153219
0.000131953
0.000113492
9.74881e-05
8.36329e-05
7.16544e-05
6.13125e-05
5.23955e-05
4.47177e-05
3.81157e-05
3.24466e-05
2.7585e-05
2.34217e-05
1.9861e-05
1.682e-05
1.42262e-05
1.20169e-05
1.01376e-05
8.54114e-06
7.18683e-06
6.03946e-06
5.06873e-06
4.24854e-06
3.55647e-06
2.9733e-06
2.48254e-06
2.07012e-06
1.72398e-06
1.43387e-06
1.19104e-06
9.88056e-07
8.18609e-07
6.77346e-07
5.59737e-07
4.61952e-07
3.80758e-07
3.1343e-07
2.57674e-07
2.11563e-07
1.7348e-07
1.42068e-07
1.16194e-07
9.49096e-08
7.7424e-08
6.30782e-08
5.13243e-08
4.17066e-08
3.38475e-08
2.74338e-08
2.22068e-08
1.79524e-08
1.44944e-08
1.16873e-08
9.41174e-09
7.56943e-09
6.07988e-09
4.87715e-09
3.90729e-09
3.12625e-09
2.4981e-09
1.99359e-09
1.58891e-09
1.26474e-09
1.00541e-09
7.9822e-10
6.32909e-10
5.01185e-10
3.96363e-10
3.13059e-10
2.46944e-10
1.9454e-10
1.53059e-10
1.20266e-10
9.43778e-11
7.39662e-11
5.78942e-11
4.52559e-11
3.53308e-11
2.75467e-11
2.14498e-11
1.66808e-11
1.29553e-11
1.00488e-11
7.78435e-12
6.02236e-12
4.65318e-12
3.59062e-12
2.76712e-12
2.12973e-12
1.63704e-12
1.2567e-12
9.63474e-13
7.37713e-13
5.64122e-13
4.30821e-13
3.28593e-13
2.503e-13
1.90415e-13
1.44672e-13
1.09778e-13
8.31954e-14
6.29722e-14
4.76089e-14
3.5955e-14
2.71293e-14
2.0458e-14
1.5427e-14
1.16449e-14
8.81494e-15
6.71302e-15
5.17134e-15
4.06591e-15
3.3072e-15
2.83344e-15
2.60589e-15
