0.00128405
0.00133656
0.00144294
0.00160595
0.00182973
0.00211984
0.00248329
0.00292861
0.00346582
0.00410653
0.00486394
0.00575288
0.0067898
0.00799277
0.00938148
0.0109771
0.0128024
0.0148813
0.0172389
0.0199015
0.0228956
0.0262487
0.0299879
0.0341399
0.0387309
0.0437854
0.0493262
0.0553735
0.0619444
0.0690523
0.0767061
0.0849098
0.0936618
0.102954
0.112772
0.123093
0.133889
0.145123
0.156748
0.168711
0.180953
0.193404
0.205988
0.218624
0.231224
0.243694
0.255939
0.267859
0.279354
0.290323
0.300669
0.310294
0.319109
0.327027
0.333969
0.339867
0.34466
0.3483
0.350747
0.351977
0.351977
0.350747
0.3483
0.34466
0.339867
0.333969
0.327027
0.319109
0.310294
0.300669
0.290323
0.279354
0.267859
0.255939
0.243694
0.231224
0.218624
0.205988
0.193404
0.180953
0.168711
0.156748
0.145123
0.133889
0.123093
0.112772
0.102954
0.0936618
0.0849098
0.0767061
0.0690523
0.0619444
0.0553735
0.0493262
0.0437854
0.0387309
0.0341399
0.0299879
0.0262487
0.0228956
0.0199015
0.0172389
0.0148813
0.0128024
0.0109771
0.00938148
0.00799277
0.0067898
0.00575288
0.00486394
0.00410653
0.00346582
0.00292861
0.00248329
0.00211984
0.00182973
0.00160595
0.00144294
0.00133656
0.00128405
