1.89568e-25
1.98967e-25
2.18213e-25
2.48223e-25
2.90427e-25
3.46828e-25
4.20097e-25
5.13697e-25
6.32032e-25
7.80657e-25
9.66516e-25
1.19826e-24
1.48665e-24
1.84498e-24
2.28974e-24
2.8413e-24
3.52481e-24
4.37128e-24
5.41898e-24
6.71507e-24
8.31759e-24
1.0298e-23
1.27443e-23
1.57647e-23
1.9492e-23
2.40895e-23
2.97579e-23
3.67433e-23
4.53477e-23
5.59414e-23
6.89782e-23
8.50142e-23
1.0473e-22
1.28959e-22
1.58721e-22
1.95262e-22
2.40106e-22
2.95113e-22
3.62556e-22
4.45207e-22
5.4645e-22
6.7041e-22
8.22113e-22
1.00768e-21
1.23457e-21
1.51186e-21
1.85058e-21
2.26415e-21
2.76888e-21
3.38458e-21
4.1353e-21
5.05022e-21
6.16474e-21
7.5218e-21
9.17339e-21
1.11825e-20
1.36255e-20
1.65945e-20
2.02013e-20
2.45808e-20
2.98961e-20
3.63443e-20
4.4163e-20
5.36393e-20
6.51192e-20
7.90201e-20
9.58446e-20
1.16199e-19
1.40811e-19
1.70558e-19
2.06496e-19
2.49892e-19
3.0227e-19
3.65461e-19
4.41661e-19
5.33507e-19
6.44158e-19
7.77406e-19
9.3779e-19
1.13075e-18
1.36279e-18
1.6417e-18
1.97679e-18
2.3792e-18
2.86223e-18
3.44176e-18
4.13675e-18
4.96981e-18
5.96793e-18
7.16326e-18
8.5941e-18
1.03061e-17
1.23534e-17
1.48008e-17
1.77251e-17
2.12174e-17
2.53863e-17
3.03605e-17
3.6293e-17
4.3365e-17
5.17916e-17
6.18276e-17
7.37748e-17
8.79908e-17
1.04899e-16
1.24999e-16
1.48883e-16
1.77251e-16
2.10928e-16
2.5089e-16
2.98288e-16
3.54481e-16
4.21068e-16
4.99938e-16
5.93312e-16
7.03808e-16
8.34503e-16
9.89022e-16
1.17162e-15
1.38731e-15
1.64196e-15
1.94247e-15
2.29695e-15
2.71489e-15
3.20743e-15
3.78761e-15
4.47072e-15
5.27465e-15
6.22034e-15
7.33227e-15
8.63907e-15
1.01742e-14
1.19767e-14
1.40921e-14
1.65738e-14
1.94836e-14
2.28941e-14
2.68894e-14
3.15676e-14
3.70432e-14
4.34489e-14
5.09393e-14
5.96942e-14
6.99223e-14
8.1866e-14
9.58067e-14
1.12071e-13
1.31037e-13
1.53144e-13
1.789e-13
2.08894e-13
2.43806e-13
2.84426e-13
3.31664e-13
3.86573e-13
4.50371e-13
5.24462e-13
6.10467e-13
7.10255e-13
8.25986e-13
9.6014e-13
1.11558e-12
1.29561e-12
1.50401e-12
1.74515e-12
2.02405e-12
2.34646e-12
2.71901e-12
3.14929e-12
3.64603e-12
4.21922e-12
4.88034e-12
5.64252e-12
6.52081e-12
7.53241e-12
8.69707e-12
1.00373e-11
1.15789e-11
1.33512e-11
1.53879e-11
1.77274e-11
2.04134e-11
2.34958e-11
2.70316e-11
3.10856e-11
3.57315e-11
4.10534e-11
4.71468e-11
5.41204e-11
6.20977e-11
7.12189e-11
8.16434e-11
9.35518e-11
1.07149e-10
1.22668e-10
1.40372e-10
1.60559e-10
1.83567e-10
2.09778e-10
2.39624e-10
2.73595e-10
3.12242e-10
3.56189e-10
4.0614e-10
4.62888e-10
5.27331e-10
6.00476e-10
6.83462e-10
7.77569e-10
8.8424e-10
1.00509e-09
1.14196e-09
1.29688e-09
1.47216e-09
1.67038e-09
1.89445e-09
2.14761e-09
2.43353e-09
2.75627e-09
3.12043e-09
3.53113e-09
3.99409e-09
4.51574e-09
5.10325e-09
5.76462e-09
6.5088e-09
7.34577e-09
8.28668e-09
9.34394e-09
1.05314e-08
1.18645e-08
1.33603e-08
1.50381e-08
1.6919e-08
1.90267e-08
2.13874e-08
2.40304e-08
2.69879e-08
3.02959e-08
3.39942e-08
3.81271e-08
4.27433e-08
4.78972e-08
5.36486e-08
6.00639e-08
6.72165e-08
7.51873e-08
8.40659e-08
9.39512e-08
1.04952e-07
1.17189e-07
1.30795e-07
1.45915e-07
1.62711e-07
1.8136e-07
2.02056e-07
2.25014e-07
2.50469e-07
2.7868e-07
3.09931e-07
3.44533e-07
3.82828e-07
4.2519e-07
4.72031e-07
5.23799e-07
5.80986e-07
6.44131e-07
7.13822e-07
7.90701e-07
8.75473e-07
9.68902e-07
1.07183e-06
1.18516e-06
1.30989e-06
1.44711e-06
1.59799e-06
1.76383e-06
1.94601e-06
2.14605e-06
2.36561e-06
2.60647e-06
2.87059e-06
3.16007e-06
3.4772e-06
3.82445e-06
4.20452e-06
4.62032e-06
5.07498e-06
5.57192e-06
6.1148e-06
6.7076e-06
7.35462e-06
8.06047e-06
8.83016e-06
9.66906e-06
1.0583e-05
1.15781e-05
1.26613e-05
1.38396e-05
1.51209e-05
1.65135e-05
1.80263e-05
1.96691e-05
2.14521e-05
2.33863e-05
2.54837e-05
2.77569e-05
3.02194e-05
3.28859e-05
3.57719e-05
3.88939e-05
4.22696e-05
4.59181e-05
4.98594e-05
5.4115e-05
5.87079e-05
6.36625e-05
6.90046e-05
7.4762e-05
8.09639e-05
8.76416e-05
9.48281e-05
0.000102558
0.00011087
0.000119802
0.000129397
0.000139698
0.000150753
0.000162611
0.000175323
0.000188947
0.000203538
0.00021916
0.000235877
0.000253757
0.000272871
0.000293296
0.00031511
0.000338397
0.000363245
0.000389745
0.000417994
0.000448092
0.000480146
0.000514266
0.000550567
0.00058917
0.000630202
0.000673794
0.000720084
0.000769214
0.000821333
0.000876598
0.000935168
0.000997211
0.0010629
0.00113242
0.00120595
0.00128369
0.00136584
0.00145261
0.00154421
0.00164086
0.00174279
0.00185024
0.00196344
0.00208265
0.00220813
0.00234013
0.00247894
0.00262482
0.00277805
0.00293894
0.00310778
0.00328487
0.00347052
0.00366504
0.00386877
0.00408201
0.00430512
0.00453842
0.00478226
0.00503697
0.00530292
0.00558045
0.00586992
0.00617168
0.0064861
0.00681353
0.00715435
0.0075089
0.00787756
0.00826067
0.00865861
0.00907172
0.00950035
0.00994486
0.0104056
0.0108829
0.011377
0.0118884
0.0124172
0.0129639
0.0135288
0.014112
0.0147138
0.0153346
0.0159746
0.0166339
0.0173128
0.0180115
0.0187302
0.0194689
0.0202279
0.0210073
0.021807
0.0226273
0.0234681
0.0243294
0.0252113
0.0261136
0.0270363
0.0279793
0.0289425
0.0299256
0.0309286
0.0319511
0.0329929
0.0340536
0.0351331
0.0362308
0.0373464
0.0384794
0.0396293
0.0407957
0.0419779
0.0431754
0.0443875
0.0456136
0.046853
0.0481049
0.0493685
0.0506431
0.0519277
0.0532215
0.0545236
0.0558329
0.0571486
0.0584696
0.0597948
0.0611232
0.0624536
0.063785
0.0651161
0.0664457
0.0677727
0.0690959
0.0704139
0.0717255
0.0730295
0.0743244
0.0756092
0.0768823
0.0781425
0.0793884
0.0806188
0.0818323
0.0830276
0.0842033
0.0853581
0.0864907
0.0875999
0.0886843
0.0897427
0.0907739
0.0917765
0.0927494
0.0936915
0.0946016
0.0954785
0.0963213
0.0971288
0.0979
0.098634
0.0993299
0.0999867
0.100604
0.10118
0.101715
0.102208
0.102658
0.103064
0.103427
0.103746
0.10402
0.104249
0.104432
0.10457
0.104662
0.104708
0.104708
0.104662
0.10457
0.104432
0.104249
0.10402
0.103746
0.103427
0.103064
0.102658
0.102208
0.101715
0.10118
0.100604
0.0999867
0.0993299
0.098634
0.0979
0.0971288
0.0963213
0.0954785
0.0946016
0.0936915
0.0927494
0.0917765
0.0907739
0.0897427
0.0886843
0.0875999
0.0864907
0.0853581
0.0842033
0.0830276
0.0818323
0.0806188
0.0793884
0.0781425
0.0768823
0.0756092
0.0743244
0.0730295
0.0717255
0.0704139
0.0690959
0.0677727
0.0664457
0.0651161
0.063785
0.0624536
0.0611232
0.0597948
0.0584696
0.0571486
0.0558329
0.0545236
0.0532215
0.0519277
0.0506431
0.0493685
0.0481049
0.046853
0.0456136
0.0443875
0.0431754
0.0419779
0.0407957
0.0396293
0.0384794
0.0373464
0.0362308
0.0351331
0.0340536
0.0329929
0.0319511
0.0309286
0.0299256
0.0289425
0.0279793
0.0270363
0.0261136
0.0252113
0.0243294
0.0234681
0.0226273
0.021807
0.0210073
0.0202279
0.0194689
0.0187302
0.0180115
0.0173128
0.0166339
0.0159746
0.0153346
0.0147138
0.014112
0.0135288
0.0129639
0.0124172
0.0118884
0.011377
0.0108829
0.0104056
0.00994486
0.00950035
0.00907172
0.00865861
0.00826067
0.00787756
0.0075089
0.00715435
0.00681353
0.0064861
0.00617168
0.00586992
0.00558045
0.00530292
0.00503697
0.00478226
0.00453842
0.00430512
0.00408201
0.00386877
0.00366504
0.00347052
0.00328487
0.00310778
0.00293894
0.00277805
0.00262482
0.00247894
0.00234013
0.00220813
0.00208265
0.00196344
0.00185024
0.00174279
0.00164086
0.00154421
0.00145261
0.00136584
0.00128369
0.00120595
0.00113242
0.0010629
0.000997211
0.000935168
0.000876598
0.000821333
0.000769214
0.000720084
0.000673794
0.000630202
0.00058917
0.000550567
0.000514266
0.000480146
0.000448092
0.000417994
0.000389745
0.000363245
0.000338397
0.00031511
0.000293296
0.000272871
0.000253757
0.000235877
0.00021916
0.000203538
0.000188947
0.000175323
0.000162611
0.000150753
0.000139698
0.000129397
0.000119802
0.00011087
0.000102558
9.48281e-05
8.76416e-05
8.09639e-05
7.4762e-05
6.90046e-05
6.36625e-05
5.87079e-05
5.4115e-05
4.98594e-05
4.59181e-05
4.22696e-05
3.88939e-05
3.57719e-05
3.28859e-05
3.02194e-05
2.77569e-05
2.54837e-05
2.33863e-05
2.14521e-05
1.96691e-05
1.80263e-05
1.65135e-05
1.51209e-05
1.38396e-05
1.26613e-05
1.15781e-05
1.0583e-05
9.66906e-06
8.83016e-06
8.06047e-06
7.35462e-06
6.7076e-06
6.1148e-06
5.57192e-06
5.07498e-06
4.62032e-06
4.20452e-06
3.82445e-06
3.4772e-06
3.16007e-06
2.87059e-06
2.60647e-06
2.36561e-06
2.14605e-06
1.94601e-06
1.76383e-06
1.59799e-06
1.44711e-06
1.30989e-06
1.18516e-06
1.07183e-06
9.68902e-07
8.75473e-07
7.90701e-07
7.13822e-07
6.44131e-07
5.80986e-07
5.23799e-07
4.72031e-07
4.2519e-07
3.82828e-07
3.44533e-07
3.09931e-07
2.7868e-07
2.50469e-07
2.25014e-07
2.02056e-07
1.8136e-07
1.62711e-07
1.45915e-07
1.30795e-07
1.17189e-07
1.04952e-07
9.39512e-08
8.40659e-08
7.51873e-08
6.72165e-08
6.00639e-08
5.36486e-08
4.78972e-08
4.27433e-08
3.81271e-08
3.39942e-08
3.02959e-08
2.69879e-08
2.40304e-08
2.13874e-08
1.90267e-08
1.6919e-08
1.50381e-08
1.33603e-08
1.18645e-08
1.05314e-08
9.34394e-09
8.28668e-09
7.34577e-09
6.5088e-09
5.76462e-09
5.10325e-09
4.51574e-09
3.99409e-09
3.53113e-09
3.12043e-09
2.75627e-09
2.43353e-09
2.14761e-09
1.89445e-09
1.67038e-09
1.47216e-09
1.29688e-09
1.14196e-09
1.00509e-09
8.8424e-10
7.77569e-10
6.83462e-10
6.00476e-10
5.27331e-10
4.62888e-10
4.0614e-10
3.56189e-10
3.12242e-10
2.73595e-10
2.39624e-10
2.09778e-10
1.83567e-10
1.60559e-10
1.40372e-10
1.22668e-10
1.07149e-10
9.35518e-11
8.16434e-11
7.12189e-11
6.20977e-11
5.41204e-11
4.71468e-11
4.10534e-11
3.57315e-11
3.10856e-11
2.70316e-11
2.34958e-11
2.04134e-11
1.77274e-11
1.53879e-11
1.33512e-11
1.15789e-11
1.00373e-11
8.69707e-12
7.53241e-12
6.52081e-12
5.64252e-12
4.88034e-12
4.21922e-12
3.64603e-12
3.14929e-12
2.71901e-12
2.34646e-12
2.02405e-12
1.74515e-12
1.50401e-12
1.29561e-12
1.11558e-12
9.6014e-13
8.25986e-13
7.10255e-13
6.10467e-13
5.24462e-13
4.50371e-13
3.86573e-13
3.31664e-13
2.84426e-13
2.43806e-13
2.08894e-13
1.789e-13
1.53144e-13
1.31037e-13
1.12071e-13
9.58067e-14
8.1866e-14
6.99223e-14
5.96942e-14
5.09393e-14
4.34489e-14
3.70432e-14
3.15676e-14
2.68894e-14
2.28941e-14
1.94836e-14
1.65738e-14
1.40921e-14
1.19767e-14
1.01742e-14
8.63907e-15
7.33227e-15
6.22034e-15
5.27465e-15
4.47072e-15
3.78761e-15
3.20743e-15
2.71489e-15
2.29695e-15
1.94247e-15
1.64196e-15
1.38731e-15
1.17162e-15
9.89022e-16
8.34503e-16
7.03808e-16
5.93312e-16
4.99938e-16
4.21068e-16
3.54481e-16
2.98288e-16
2.5089e-16
2.10928e-16
1.77251e-16
1.48883e-16
1.24999e-16
1.04899e-16
8.79908e-17
7.37748e-17
6.18276e-17
5.17916e-17
4.3365e-17
3.6293e-17
3.03605e-17
2.53863e-17
2.12174e-17
1.77251e-17
1.48008e-17
1.23534e-17
1.03061e-17
8.5941e-18
7.16326e-18
5.96793e-18
4.96981e-18
4.13675e-18
3.44176e-18
2.86223e-18
2.3792e-18
1.97679e-18
1.6417e-18
1.36279e-18
1.13075e-18
9.3779e-19
7.77406e-19
6.44158e-19
5.33507e-19
4.41661e-19
3.65461e-19
3.0227e-19
2.49892e-19
2.06496e-19
1.70558e-19
1.40811e-19
1.16199e-19
9.58446e-20
7.90201e-20
6.51192e-20
5.36393e-20
4.4163e-20
3.63443e-20
2.98961e-20
2.45808e-20
2.02013e-20
1.65945e-20
1.36255e-20
1.11825e-20
9.17339e-21
7.5218e-21
6.16474e-21
5.05022e-21
4.1353e-21
3.38458e-21
2.76888e-21
2.26415e-21
1.85058e-21
1.51186e-21
1.23457e-21
1.00768e-21
8.22113e-22
6.7041e-22
5.4645e-22
4.45207e-22
3.62556e-22
2.95113e-22
2.40106e-22
1.95262e-22
1.58721e-22
1.28959e-22
1.0473e-22
8.50142e-23
6.89782e-23
5.59414e-23
4.53477e-23
3.67433e-23
2.97579e-23
2.40895e-23
1.9492e-23
1.57647e-23
1.27443e-23
1.0298e-23
8.31759e-24
6.71507e-24
5.41898e-24
4.37128e-24
3.52481e-24
2.8413e-24
2.28974e-24
1.84498e-24
1.48665e-24
1.19826e-24
9.66516e-25
7.80657e-25
6.32032e-25
5.13697e-25
4.20097e-25
3.46828e-25
2.90427e-25
2.48223e-25
2.18213e-25
1.98967e-25
1.89568e-25
