0.0063006
0.0064871
0.0068627
0.00743259
0.00820449
0.00918852
0.0103971
0.0118449
0.0135485
0.0155261
0.0177974
0.0203834
0.0233057
0.0265863
0.0302472
0.0343096
0.0387939
0.0437186
0.0490999
0.0549513
0.0612827
0.0680997
0.0754034
0.0831894
0.0914475
0.100161
0.109307
0.118855
0.128768
0.139
0.1495
0.160208
0.17106
0.181982
0.192897
0.203725
0.214377
0.224767
0.234804
0.244397
0.253458
0.261899
0.269638
0.276597
0.282704
0.287896
0.292119
0.295326
0.297484
0.298569
0.298569
0.297484
0.295326
0.292119
0.287896
0.282704
0.276597
0.269638
0.261899
0.253458
0.244397
0.234804
0.224767
0.214377
0.203725
0.192897
0.181982
0.17106
0.160208
0.1495
0.139
0.128768
0.118855
0.109307
0.100161
0.0914475
0.0831894
0.0754034
0.0680997
0.0612827
0.0549513
0.0490999
0.0437186
0.0387939
0.0343096
0.0302472
0.0265863
0.0233057
0.0203834
0.0177974
0.0155261
0.0135485
0.0118449
0.0103971
0.00918852
0.00820449
0.00743259
0.0068627
0.0064871
0.0063006
