2.33716e-07
2.53296e-07
2.93866e-07
3.58334e-07
4.51274e-07
5.79194e-07
7.50912e-07
9.78054e-07
1.2757e-06
1.66318e-06
2.16514e-06
2.81275e-06
3.64529e-06
4.71206e-06
6.07468e-06
7.80988e-06
1.00129e-05
1.28017e-05
1.63213e-05
2.07504e-05
2.63075e-05
3.32592e-05
4.19301e-05
5.27134e-05
6.6084e-05
8.26138e-05
0.000102989
0.000128029
0.000158712
0.000196197
0.000241856
0.000297307
0.000364447
0.0004455
0.000543055
0.00066012
0.000800177
0.000967237
0.00116591
0.00140146
0.00167988
0.002008
0.0023935
0.00284504
0.00337231
0.00398615
0.00469856
0.00552283
0.00647359
0.00756685
0.00882005
0.0102521
0.0118835
0.013736
0.015833
0.0181993
0.020861
0.0238452
0.0271804
0.0308957
0.035021
0.0395865
0.0446226
0.0501592
0.0562257
0.0628505
0.0700601
0.0778794
0.0863303
0.0954319
0.105199
0.115644
0.126771
0.138583
0.151074
0.164232
0.178039
0.192471
0.207493
0.223066
0.239141
0.255661
0.272563
0.289773
0.307214
0.324799
0.342436
0.360027
0.377469
0.394656
0.411479
0.427827
0.443587
0.45865
0.472907
0.486251
0.498583
0.509807
0.519834
0.528586
0.535992
0.541991
0.546534
0.549584
0.551116
0.551116
0.549584
0.546534
0.541991
0.535992
0.528586
0.519834
0.509807
0.498583
0.486251
0.472907
0.45865
0.443587
0.427827
0.411479
0.394656
0.377469
0.360027
0.342436
0.324799
0.307214
0.289773
0.272563
0.255661
0.239141
0.223066
0.207493
0.192471
0.178039
0.164232
0.151074
0.138583
0.126771
0.115644
0.105199
0.0954319
0.0863303
0.0778794
0.0700601
0.0628505
0.0562257
0.0501592
0.0446226
0.0395865
0.035021
0.0308957
0.0271804
0.0238452
0.020861
0.0181993
0.015833
0.013736
0.0118835
0.0102521
0.00882005
0.00756685
0.00647359
0.00552283
0.00469856
0.00398615
0.00337231
0.00284504
0.0023935
0.002008
0.00167988
0.00140146
0.00116591
0.000967237
0.000800177
0.00066012
0.000543055
0.0004455
0.000364447
0.000297307
0.000241856
0.000196197
0.000158712
0.000128029
0.000102989
8.26138e-05
6.6084e-05
5.27134e-05
4.19301e-05
3.32592e-05
2.63075e-05
2.07504e-05
1.63213e-05
1.28017e-05
1.00129e-05
7.80988e-06
6.07468e-06
4.71206e-06
3.64529e-06
2.81275e-06
2.16514e-06
1.66318e-06
1.2757e-06
9.78054e-07
7.50912e-07
5.79194e-07
4.51274e-07
3.58334e-07
2.93866e-07
2.53296e-07
2.33716e-07
