0.0127331
0.0130404
0.0136574
0.014589
0.0158425
0.017427
0.0193536
0.0216351
0.0242851
0.0273181
0.0307489
0.0345918
0.0388606
0.0435672
0.0487218
0.0543317
0.0604008
0.0669293
0.0739126
0.081341
0.0891992
0.0974659
0.106114
0.115108
0.124407
0.133965
0.143726
0.153631
0.163612
0.173598
0.183514
0.193279
0.202812
0.212028
0.220844
0.229176
0.236943
0.244068
0.250478
0.256105
0.260892
0.264785
0.267743
0.269733
0.270734
0.270734
0.269733
0.267743
0.264785
0.260892
0.256105
0.250478
0.244068
0.236943
0.229176
0.220844
0.212028
0.202812
0.193279
0.183514
0.173598
0.163612
0.153631
0.143726
0.133965
0.124407
0.115108
0.106114
0.0974659
0.0891992
0.081341
0.0739126
0.0669293
0.0604008
0.0543317
0.0487218
0.0435672
0.0388606
0.0345918
0.0307489
0.0273181
0.0242851
0.0216351
0.0193536
0.017427
0.0158425
0.014589
0.0136574
0.0130404
0.0127331
