1.03187e-13
1.04684e-13
1.077e-13
1.12274e-13
1.18468e-13
1.26366e-13
1.36075e-13
1.47725e-13
1.61472e-13
1.77501e-13
1.96026e-13
2.17292e-13
2.41584e-13
2.69223e-13
3.00572e-13
3.36045e-13
3.76107e-13
4.21279e-13
4.72151e-13
5.2938e-13
5.93704e-13
6.65951e-13
7.47045e-13
8.38018e-13
9.40026e-13
1.05436e-12
1.18245e-12
1.3259e-12
1.48651e-12
1.66627e-12
1.86739e-12
2.09236e-12
2.34393e-12
2.62516e-12
2.93947e-12
3.29066e-12
3.68295e-12
4.12105e-12
4.61016e-12
5.1561e-12
5.76531e-12
6.44496e-12
7.20299e-12
8.04825e-12
8.99052e-12
1.00407e-11
1.12108e-11
1.25142e-11
1.39658e-11
1.5582e-11
1.7381e-11
1.93831e-11
2.16104e-11
2.40879e-11
2.68429e-11
2.99057e-11
3.33099e-11
3.70926e-11
4.12948e-11
4.59619e-11
5.1144e-11
5.68966e-11
6.32809e-11
7.03645e-11
7.82219e-11
8.69357e-11
9.65967e-11
1.07305e-10
1.19172e-10
1.32319e-10
1.4688e-10
1.63005e-10
1.80855e-10
2.00612e-10
2.22472e-10
2.46655e-10
2.734e-10
3.02972e-10
3.3566e-10
3.71786e-10
4.11699e-10
4.55786e-10
5.04471e-10
5.58221e-10
6.17549e-10
6.83015e-10
7.55238e-10
8.34896e-10
9.22731e-10
1.01956e-09
1.12627e-09
1.24386e-09
1.37338e-09
1.51602e-09
1.67307e-09
1.84595e-09
2.03619e-09
2.24549e-09
2.4757e-09
2.72886e-09
3.00716e-09
3.31305e-09
3.64917e-09
4.01841e-09
4.42393e-09
4.8692e-09
5.35798e-09
5.89439e-09
6.48293e-09
7.1285e-09
7.83646e-09
8.61263e-09
9.46338e-09
1.03956e-08
1.1417e-08
1.25356e-08
1.37605e-08
1.51014e-08
1.65689e-08
1.81746e-08
1.99311e-08
2.18521e-08
2.39524e-08
2.62482e-08
2.8757e-08
3.1498e-08
3.44918e-08
3.7761e-08
4.13301e-08
4.52255e-08
4.9476e-08
5.41129e-08
5.917e-08
6.4684e-08
7.06946e-08
7.7245e-08
8.43818e-08
9.21557e-08
1.00621e-07
1.09838e-07
1.19869e-07
1.30786e-07
1.42661e-07
1.55577e-07
1.69621e-07
1.84888e-07
2.01481e-07
2.19509e-07
2.39092e-07
2.60358e-07
2.83448e-07
3.0851e-07
3.35707e-07
3.65213e-07
3.97215e-07
4.31917e-07
4.69536e-07
5.10308e-07
5.54486e-07
6.02341e-07
6.54169e-07
7.10283e-07
7.71023e-07
8.36754e-07
9.07868e-07
9.84787e-07
1.06796e-06
1.15788e-06
1.25507e-06
1.36009e-06
1.47353e-06
1.59604e-06
1.72833e-06
1.87112e-06
2.02522e-06
2.19148e-06
2.37081e-06
2.56419e-06
2.77267e-06
2.99738e-06
3.23951e-06
3.50035e-06
3.78127e-06
4.08375e-06
4.40935e-06
4.75976e-06
5.13676e-06
5.54228e-06
5.97836e-06
6.44719e-06
6.95109e-06
7.49256e-06
8.07425e-06
8.69899e-06
9.36979e-06
1.00899e-05
1.08626e-05
1.16918e-05
1.25811e-05
1.35348e-05
1.45573e-05
1.56532e-05
1.68275e-05
1.80856e-05
1.94329e-05
2.08756e-05
2.24199e-05
2.40727e-05
2.5841e-05
2.77324e-05
2.97551e-05
3.19175e-05
3.42288e-05
3.66986e-05
3.93369e-05
4.21548e-05
4.51635e-05
4.83752e-05
5.18027e-05
5.54596e-05
5.93603e-05
6.35199e-05
6.79544e-05
7.26809e-05
7.77172e-05
8.30823e-05
8.87963e-05
9.48802e-05
0.000101356
0.000108248
0.000115581
0.00012338
0.000131673
0.00014049
0.000149861
0.000159818
0.000170395
0.000181628
0.000193555
0.000206214
0.000219649
0.000233902
0.000249019
0.000265049
0.000282042
0.000300052
0.000319134
0.000339348
0.000360754
0.000383418
0.000407406
0.00043279
0.000459644
0.000488046
0.000518077
0.000549823
0.000583372
0.000618818
0.000656258
0.000695794
0.000737533
0.000781587
0.00082807
0.000877106
0.000928819
0.000983342
0.00104081
0.00110138
0.00116518
0.00123238
0.00130314
0.00137763
0.00145602
0.0015385
0.00162526
0.00171649
0.00181241
0.00191322
0.00201915
0.00213042
0.00224728
0.00236997
0.00249876
0.00263391
0.00277569
0.00292439
0.00308032
0.00324377
0.00341506
0.00359452
0.0037825
0.00397934
0.00418541
0.00440108
0.00462674
0.00486279
0.00510965
0.00536773
0.00563748
0.00591935
0.0062138
0.00652131
0.00684239
0.00717753
0.00752725
0.0078921
0.00827263
0.00866939
0.00908299
0.009514
0.00996305
0.0104308
0.0109178
0.0114248
0.0119524
0.0125013
0.0130723
0.0136661
0.0142833
0.0149248
0.0155914
0.0162837
0.0170027
0.0177491
0.0185237
0.0193275
0.0201613
0.0210259
0.0219223
0.0228514
0.023814
0.0248112
0.0258439
0.026913
0.0280195
0.0291645
0.0303488
0.0315736
0.0328399
0.0341486
0.0355009
0.0368978
0.0383403
0.0398296
0.0413666
0.0429526
0.0445885
0.0462755
0.0480147
0.0498071
0.051654
0.0535563
0.0555151
0.0575317
0.059607
0.0617422
0.0639384
0.0661966
0.068518
0.0709035
0.0733543
0.0758714
0.0784558
0.0811085
0.0838306
0.086623
0.0894867
0.0924226
0.0954317
0.0985148
0.101673
0.104907
0.108217
0.111605
0.115071
0.118616
0.12224
0.125944
0.12973
0.133596
0.137544
0.141575
0.145689
0.149885
0.154165
0.158529
0.162977
0.167509
0.172125
0.176825
0.18161
0.186479
0.191431
0.196468
0.201589
0.206792
0.212079
0.217447
0.222898
0.22843
0.234042
0.239734
0.245505
0.251353
0.257279
0.26328
0.269356
0.275505
0.281726
0.288018
0.294379
0.300807
0.307301
0.313859
0.320479
0.32716
0.333898
0.340693
0.347542
0.354442
0.361391
0.368388
0.375428
0.382511
0.389632
0.39679
0.403981
0.411202
0.418452
0.425725
0.43302
0.440333
0.447661
0.455
0.462347
0.469699
0.477053
0.484403
0.491748
0.499082
0.506404
0.513708
0.52099
0.528248
0.535477
0.542673
0.549833
0.556952
0.564025
0.571051
0.578023
0.584938
0.591793
0.598583
0.605303
0.611951
0.618521
0.62501
0.631414
0.637729
0.64395
0.650075
0.656098
0.662017
0.667827
0.673524
0.679105
0.684566
0.689904
0.695114
0.700194
0.70514
0.709948
0.714616
0.71914
0.723517
0.727744
0.731818
0.735736
0.739495
0.743094
0.746529
0.749797
0.752897
0.755827
0.758583
0.761166
0.763571
0.765798
0.767846
0.769711
0.771395
0.772894
0.774208
0.775337
0.776278
0.777032
0.777598
0.777976
0.778165
0.778165
0.777976
0.777598
0.777032
0.776278
0.775337
0.774208
0.772894
0.771395
0.769711
0.767846
0.765798
0.763571
0.761166
0.758583
0.755827
0.752897
0.749797
0.746529
0.743094
0.739495
0.735736
0.731818
0.727744
0.723517
0.71914
0.714616
0.709948
0.70514
0.700194
0.695114
0.689904
0.684566
0.679105
0.673524
0.667827
0.662017
0.656098
0.650075
0.64395
0.637729
0.631414
0.62501
0.618521
0.611951
0.605303
0.598583
0.591793
0.584938
0.578023
0.571051
0.564025
0.556952
0.549833
0.542673
0.535477
0.528248
0.52099
0.513708
0.506404
0.499082
0.491748
0.484403
0.477053
0.469699
0.462347
0.455
0.447661
0.440333
0.43302
0.425725
0.418452
0.411202
0.403981
0.39679
0.389632
0.382511
0.375428
0.368388
0.361391
0.354442
0.347542
0.340693
0.333898
0.32716
0.320479
0.313859
0.307301
0.300807
0.294379
0.288018
0.281726
0.275505
0.269356
0.26328
0.257279
0.251353
0.245505
0.239734
0.234042
0.22843
0.222898
0.217447
0.212079
0.206792
0.201589
0.196468
0.191431
0.186479
0.18161
0.176825
0.172125
0.167509
0.162977
0.158529
0.154165
0.149885
0.145689
0.141575
0.137544
0.133596
0.12973
0.125944
0.12224
0.118616
0.115071
0.111605
0.108217
0.104907
0.101673
0.0985148
0.0954317
0.0924226
0.0894867
0.086623
0.0838306
0.0811085
0.0784558
0.0758714
0.0733543
0.0709035
0.068518
0.0661966
0.0639384
0.0617422
0.059607
0.0575317
0.0555151
0.0535563
0.051654
0.0498071
0.0480147
0.0462755
0.0445885
0.0429526
0.0413666
0.0398296
0.0383403
0.0368978
0.0355009
0.0341486
0.0328399
0.0315736
0.0303488
0.0291645
0.0280195
0.026913
0.0258439
0.0248112
0.023814
0.0228514
0.0219223
0.0210259
0.0201613
0.0193275
0.0185237
0.0177491
0.0170027
0.0162837
0.0155914
0.0149248
0.0142833
0.0136661
0.0130723
0.0125013
0.0119524
0.0114248
0.0109178
0.0104308
0.00996305
0.009514
0.00908299
0.00866939
0.00827263
0.0078921
0.00752725
0.00717753
0.00684239
0.00652131
0.0062138
0.00591935
0.00563748
0.00536773
0.00510965
0.00486279
0.00462674
0.00440108
0.00418541
0.00397934
0.0037825
0.00359452
0.00341506
0.00324377
0.00308032
0.00292439
0.00277569
0.00263391
0.00249876
0.00236997
0.00224728
0.00213042
0.00201915
0.00191322
0.00181241
0.00171649
0.00162526
0.0015385
0.00145602
0.00137763
0.00130314
0.00123238
0.00116518
0.00110138
0.00104081
0.000983342
0.000928819
0.000877106
0.00082807
0.000781587
0.000737533
0.000695794
0.000656258
0.000618818
0.000583372
0.000549823
0.000518077
0.000488046
0.000459644
0.00043279
0.000407406
0.000383418
0.000360754
0.000339348
0.000319134
0.000300052
0.000282042
0.000265049
0.000249019
0.000233902
0.000219649
0.000206214
0.000193555
0.000181628
0.000170395
0.000159818
0.000149861
0.00014049
0.000131673
0.00012338
0.000115581
0.000108248
0.000101356
9.48802e-05
8.87963e-05
8.30823e-05
7.77172e-05
7.26809e-05
6.79544e-05
6.35199e-05
5.93603e-05
5.54596e-05
5.18027e-05
4.83752e-05
4.51635e-05
4.21548e-05
3.93369e-05
3.66986e-05
3.42288e-05
3.19175e-05
2.97551e-05
2.77324e-05
2.5841e-05
2.40727e-05
2.24199e-05
2.08756e-05
1.94329e-05
1.80856e-05
1.68275e-05
1.56532e-05
1.45573e-05
1.35348e-05
1.25811e-05
1.16918e-05
1.08626e-05
1.00899e-05
9.36979e-06
8.69899e-06
8.07425e-06
7.49256e-06
6.95109e-06
6.44719e-06
5.97836e-06
5.54228e-06
5.13676e-06
4.75976e-06
4.40935e-06
4.08375e-06
3.78127e-06
3.50035e-06
3.23951e-06
2.99738e-06
2.77267e-06
2.56419e-06
2.37081e-06
2.19148e-06
2.02522e-06
1.87112e-06
1.72833e-06
1.59604e-06
1.47353e-06
1.36009e-06
1.25507e-06
1.15788e-06
1.06796e-06
9.84787e-07
9.07868e-07
8.36754e-07
7.71023e-07
7.10283e-07
6.54169e-07
6.02341e-07
5.54486e-07
5.10308e-07
4.69536e-07
4.31917e-07
3.97215e-07
3.65213e-07
3.35707e-07
3.0851e-07
2.83448e-07
2.60358e-07
2.39092e-07
2.19509e-07
2.01481e-07
1.84888e-07
1.69621e-07
1.55577e-07
1.42661e-07
1.30786e-07
1.19869e-07
1.09838e-07
1.00621e-07
9.21557e-08
8.43818e-08
7.7245e-08
7.06946e-08
6.4684e-08
5.917e-08
5.41129e-08
4.9476e-08
4.52255e-08
4.13301e-08
3.7761e-08
3.44918e-08
3.1498e-08
2.8757e-08
2.62482e-08
2.39524e-08
2.18521e-08
1.99311e-08
1.81746e-08
1.65689e-08
1.51014e-08
1.37605e-08
1.25356e-08
1.1417e-08
1.03956e-08
9.46338e-09
8.61263e-09
7.83646e-09
7.1285e-09
6.48293e-09
5.89439e-09
5.35798e-09
4.8692e-09
4.42393e-09
4.01841e-09
3.64917e-09
3.31305e-09
3.00716e-09
2.72886e-09
2.4757e-09
2.24549e-09
2.03619e-09
1.84595e-09
1.67307e-09
1.51602e-09
1.37338e-09
1.24386e-09
1.12627e-09
1.01956e-09
9.22731e-10
8.34896e-10
7.55238e-10
6.83015e-10
6.17549e-10
5.58221e-10
5.04471e-10
4.55786e-10
4.11699e-10
3.71786e-10
3.3566e-10
3.02972e-10
2.734e-10
2.46655e-10
2.22472e-10
2.00612e-10
1.80855e-10
1.63005e-10
1.4688e-10
1.32319e-10
1.19172e-10
1.07305e-10
9.65967e-11
8.69357e-11
7.82219e-11
7.03645e-11
6.32809e-11
5.68966e-11
5.1144e-11
4.59619e-11
4.12948e-11
3.70926e-11
3.33099e-11
2.99057e-11
2.68429e-11
2.40879e-11
2.16104e-11
1.93831e-11
1.7381e-11
1.5582e-11
1.39658e-11
1.25142e-11
1.12108e-11
1.00407e-11
8.99052e-12
8.04825e-12
7.20299e-12
6.44496e-12
5.76531e-12
5.1561e-12
4.61016e-12
4.12105e-12
3.68295e-12
3.29066e-12
2.93947e-12
2.62516e-12
2.34393e-12
2.09236e-12
1.86739e-12
1.66627e-12
1.48651e-12
1.3259e-12
1.18245e-12
1.05436e-12
9.40026e-13
8.38018e-13
7.47045e-13
6.65951e-13
5.93704e-13
5.2938e-13
4.72151e-13
4.21279e-13
3.76107e-13
3.36045e-13
3.00572e-13
2.69223e-13
2.41584e-13
2.17292e-13
1.96026e-13
1.77501e-13
1.61472e-13
1.47725e-13
1.36075e-13
1.26366e-13
1.18468e-13
1.12274e-13
1.077e-13
1.04684e-13
1.03187e-13
