0.00239848
0.00225424
0.0021176
0.00198822
0.0018658
0.00175002
0.00164058
0.0015372
0.00143959
0.00134749
0.00126064
0.00117878
0.00110167
0.00102908
0.000960771
0.000896538
0.000836169
0.000779463
0.000726229
0.000676281
0.000629445
0.000585549
0.000544434
0.000505943
0.000469932
0.000436257
0.000404786
0.000375391
0.00034795
0.000322348
0.000298475
0.000276227
0.000255504
0.000236213
0.000218265
0.000201576
0.000186066
0.00017166
0.000158287
0.000145879
0.000134374
0.000123712
0.000113837
0.000104694
9.62363e-05
8.84152e-05
8.11872e-05
7.4511e-05
6.8348e-05
6.26618e-05
5.74186e-05
5.25865e-05
4.81358e-05
4.40386e-05
4.02689e-05
3.68026e-05
3.36169e-05
3.06908e-05
2.80046e-05
2.55401e-05
2.32801e-05
2.1209e-05
1.93119e-05
1.75751e-05
1.59861e-05
1.45331e-05
1.32052e-05
1.19922e-05
1.08849e-05
9.87454e-06
8.95324e-06
8.11359e-06
7.34877e-06
6.65251e-06
6.01901e-06
5.44294e-06
4.91938e-06
4.44381e-06
4.01207e-06
3.62035e-06
3.26513e-06
2.94319e-06
2.65157e-06
2.38757e-06
2.1487e-06
1.9327e-06
1.73748e-06
1.56114e-06
1.40194e-06
1.2583e-06
1.12877e-06
1.01203e-06
9.0688e-07
8.12215e-07
7.27039e-07
6.50445e-07
5.81606e-07
5.19772e-07
4.64261e-07
4.14455e-07
3.69792e-07
3.29763e-07
2.93908e-07
2.6181e-07
2.33091e-07
2.0741e-07
1.84458e-07
1.63957e-07
1.45655e-07
1.29326e-07
1.14765e-07
1.01788e-07
9.02289e-08
7.99391e-08
7.07841e-08
6.26434e-08
5.54087e-08
4.89827e-08
4.32783e-08
3.82173e-08
3.37297e-08
2.97527e-08
2.62302e-08
2.31121e-08
2.03535e-08
1.79143e-08
1.57587e-08
1.38549e-08
1.21744e-08
1.06919e-08
9.38467e-09
8.23276e-09
7.21824e-09
6.32526e-09
5.53968e-09
4.84899e-09
4.24207e-09
3.70906e-09
3.24122e-09
2.83083e-09
2.47102e-09
2.15576e-09
1.87967e-09
1.63803e-09
1.42666e-09
1.24187e-09
1.08042e-09
9.3943e-10
8.16385e-10
7.09061e-10
6.15502e-10
5.3399e-10
4.63013e-10
4.01246e-10
3.47525e-10
3.00827e-10
2.60258e-10
2.25035e-10
1.94468e-10
1.6796e-10
1.44983e-10
1.2508e-10
1.07848e-10
9.29373e-11
8.00431e-11
6.88992e-11
5.92732e-11
5.09633e-11
4.37937e-11
3.76114e-11
3.22836e-11
2.76949e-11
2.37448e-11
2.03467e-11
1.7425e-11
1.49143e-11
1.27582e-11
1.09075e-11
9.32001e-12
7.95903e-12
6.79291e-12
5.79435e-12
4.93975e-12
4.2088e-12
3.58396e-12
3.05014e-12
2.59434e-12
2.2054e-12
1.87369e-12
1.59096e-12
1.35012e-12
1.14508e-12
9.7062e-13
8.22269e-13
6.96191e-13
5.89105e-13
4.98204e-13
4.21086e-13
3.557e-13
3.00295e-13
2.53372e-13
2.13659e-13
1.80065e-13
1.51666e-13
1.27672e-13
1.07411e-13
9.03135e-14
7.58934e-14
6.37386e-14
5.34994e-14
4.48789e-14
3.76256e-14
3.15261e-14
2.64001e-14
2.20946e-14
1.84805e-14
1.54486e-14
1.29065e-14
1.07764e-14
8.99263e-15
7.49969e-15
6.25096e-15
5.20708e-15
4.33498e-15
3.60682e-15
2.99921e-15
2.49249e-15
2.07016e-15
1.71838e-15
1.42554e-15
1.1819e-15
9.79327e-16
8.10993e-16
6.71197e-16
5.55169e-16
4.58927e-16
3.79144e-16
3.13046e-16
2.58317e-16
2.1303e-16
1.75578e-16
1.44624e-16
1.19057e-16
9.79506e-17
8.05381e-17
6.61816e-17
5.43517e-17
4.46098e-17
3.6592e-17
2.99974e-17
2.45765e-17
2.01232e-17
1.64669e-17
1.34669e-17
1.10068e-17
8.99076e-18
7.33953e-18
5.98796e-18
4.88234e-18
3.97846e-18
3.23996e-18
2.63695e-18
2.14488e-18
1.74357e-18
1.41649e-18
1.15008e-18
9.332e-19
7.56762e-19
6.1331e-19
4.9675e-19
4.02097e-19
3.25282e-19
2.62981e-19
2.12483e-19
1.71577e-19
1.38461e-19
1.11669e-19
9.00059e-20
7.2501e-20
5.83648e-20
4.69561e-20
3.77543e-20
3.03372e-20
2.43622e-20
1.9552e-20
1.56819e-20
1.25701e-20
1.00695e-20
8.06147e-21
6.44986e-21
5.15725e-21
4.12115e-21
3.29116e-21
2.62671e-21
2.0951e-21
1.67005e-21
1.3304e-21
1.05917e-21
8.42717e-22
6.70079e-22
5.32476e-22
4.22867e-22
3.35611e-22
2.66194e-22
2.11003e-22
1.6715e-22
1.32329e-22
1.04696e-22
8.27816e-23
6.54131e-23
5.16563e-23
4.0767e-23
3.2153e-23
2.53432e-23
1.9963e-23
1.57152e-23
1.23634e-23
9.72035e-24
7.63751e-24
5.99718e-24
4.70617e-24
3.69074e-24
2.89257e-24
2.26558e-24
1.77336e-24
1.38721e-24
1.08445e-24
8.47227e-25
6.61476e-25
5.16122e-25
4.02451e-25
3.13615e-25
2.44233e-25
1.9008e-25
1.4784e-25
1.14914e-25
8.92651e-26
6.92981e-26
5.37648e-26
4.1689e-26
3.23079e-26
2.50256e-26
1.93772e-26
1.50003e-26
1.16125e-26
8.994e-27
6.97393e-27
5.41978e-27
4.22888e-27
3.32204e-27
2.6384e-27
2.13156e-27
1.76657e-27
1.51765e-27
1.3664e-27
1.30061e-27
1.3133e-27
1.4022e-27
1.56941e-27
1.82136e-27
2.16903e-27
2.62831e-27
3.22074e-27
3.97445e-27
4.92542e-27
6.11911e-27
7.61263e-27
9.47726e-27
1.18018e-26
1.46967e-26
1.8299e-26
2.27786e-26
2.83462e-26
3.52624e-26
4.38501e-26
5.45085e-26
6.77313e-26
8.41286e-26
1.04454e-25
1.29639e-25
1.60832e-25
1.9945e-25
2.47242e-25
3.06362e-25
3.79468e-25
4.69828e-25
5.81473e-25
7.19358e-25
8.89582e-25
1.09964e-24
1.35876e-24
1.67826e-24
2.07206e-24
2.55722e-24
3.15472e-24
3.89025e-24
4.79534e-24
5.90862e-24
7.27743e-24
8.95971e-24
1.10264e-23
1.35644e-23
1.66798e-23
2.05025e-23
2.51911e-23
3.09393e-23
3.7984e-23
4.66137e-23
5.71809e-23
7.01153e-23
8.59408e-23
1.05296e-22
1.28957e-22
1.57871e-22
1.93191e-22
2.36316e-22
2.88952e-22
3.53167e-22
4.31479e-22
5.26941e-22
6.43264e-22
7.84946e-22
9.57446e-22
1.16738e-21
1.42277e-21
1.73332e-21
2.11081e-21
2.56945e-21
3.12648e-21
3.80273e-21
4.62336e-21
5.6188e-21
6.82579e-21
8.28867e-21
1.0061e-20
1.22073e-20
1.48054e-20
1.79492e-20
2.17517e-20
2.6349e-20
3.19049e-20
3.86165e-20
4.6721e-20
5.65033e-20
6.8306e-20
8.25402e-20
9.97e-20
1.20378e-19
1.45285e-19
1.75274e-19
2.11368e-19
2.54788e-19
3.07004e-19
3.69768e-19
4.45183e-19
5.35758e-19
6.44498e-19
7.74989e-19
9.31521e-19
1.11921e-18
1.34416e-18
1.61366e-18
1.93641e-18
2.32275e-18
2.78503e-18
3.33795e-18
3.99899e-18
4.78897e-18
5.73265e-18
6.85946e-18
8.20439e-18
9.80898e-18
1.17226e-17
1.40037e-17
1.67218e-17
1.99593e-17
2.38138e-17
2.8401e-17
3.38578e-17
4.03464e-17
4.80587e-17
5.72216e-17
6.81034e-17
8.1021e-17
9.63491e-17
1.1453e-16
1.36085e-16
1.61629e-16
1.9189e-16
2.27722e-16
2.70133e-16
3.20309e-16
3.79649e-16
4.49796e-16
5.32683e-16
6.30583e-16
7.46166e-16
8.82568e-16
1.04347e-15
1.2332e-15
1.45682e-15
1.72028e-15
2.03054e-15
2.39576e-15
2.8255e-15
3.33093e-15
3.92515e-15
4.62344e-15
5.4437e-15
6.40682e-15
7.5372e-15
8.86332e-15
1.04184e-14
1.22413e-14
1.43771e-14
1.68785e-14
1.98069e-14
2.32336e-14
2.72418e-14
3.19281e-14
3.74051e-14
4.38032e-14
5.12743e-14
5.99946e-14
7.01687e-14
8.20337e-14
9.58651e-14
1.11981e-13
1.30753e-13
1.52606e-13
1.78038e-13
2.07621e-13
2.42018e-13
2.81996e-13
3.2844e-13
3.82371e-13
4.44973e-13
5.17606e-13
6.01842e-13
6.99493e-13
8.12648e-13
9.43709e-13
1.09545e-12
1.27105e-12
1.47418e-12
1.70905e-12
1.98052e-12
2.29413e-12
2.65629e-12
3.07432e-12
3.55664e-12
4.11289e-12
4.75414e-12
5.49305e-12
6.34413e-12
7.32397e-12
8.45158e-12
9.74868e-12
1.12401e-11
1.29542e-11
1.49234e-11
1.71847e-11
1.97803e-11
2.27582e-11
2.61734e-11
3.00883e-11
3.45742e-11
3.97121e-11
4.55941e-11
5.23252e-11
6.00245e-11
6.88275e-11
7.88881e-11
9.03808e-11
1.03504e-10
1.18482e-10
1.3557e-10
1.55056e-10
1.77269e-10
2.02576e-10
2.31399e-10
2.64209e-10
3.01544e-10
3.44008e-10
3.92284e-10
4.47144e-10
5.09459e-10
5.80211e-10
6.60507e-10
7.51594e-10
8.54878e-10
9.71939e-10
1.10456e-09
1.25474e-09
1.42472e-09
1.61705e-09
1.83455e-09
2.08042e-09
2.35822e-09
2.67198e-09
3.02619e-09
3.42589e-09
3.87671e-09
4.38498e-09
4.95776e-09
5.60295e-09
6.32938e-09
7.14693e-09
8.06662e-09
9.10074e-09
1.0263e-08
1.15688e-08
1.3035e-08
1.46808e-08
1.65272e-08
1.85979e-08
2.0919e-08
2.35196e-08
2.64322e-08
2.96926e-08
3.33408e-08
3.74211e-08
4.19826e-08
4.70798e-08
5.27731e-08
5.91293e-08
6.62224e-08
7.41343e-08
8.29556e-08
9.27864e-08
1.03737e-07
1.1593e-07
1.29501e-07
1.44597e-07
1.61382e-07
1.80039e-07
2.00764e-07
2.23779e-07
2.49324e-07
2.77663e-07
3.0909e-07
3.43925e-07
3.82519e-07
4.25259e-07
4.72568e-07
5.24912e-07
5.82801e-07
6.46791e-07
7.17495e-07
7.95582e-07
8.81781e-07
9.76895e-07
1.08179e-06
1.19744e-06
1.32486e-06
1.46521e-06
1.61971e-06
1.78973e-06
1.97672e-06
2.1823e-06
2.4082e-06
2.65633e-06
2.92874e-06
3.22767e-06
3.55555e-06
3.91502e-06
4.30895e-06
4.74043e-06
5.21283e-06
5.72979e-06
6.29525e-06
6.91349e-06
7.58909e-06
8.32706e-06
9.13277e-06
1.0012e-05
1.09711e-05
1.20168e-05
1.31563e-05
1.43975e-05
1.57489e-05
1.72196e-05
1.88193e-05
2.05585e-05
2.24485e-05
2.45015e-05
2.67304e-05
2.91491e-05
3.17727e-05
3.46171e-05
3.76995e-05
4.10381e-05
4.46527e-05
4.85641e-05
5.27947e-05
5.73684e-05
6.23107e-05
6.76487e-05
7.34114e-05
7.96297e-05
8.63364e-05
9.35663e-05
0.000101357
0.000109747
0.000118778
0.000128496
0.000138947
0.000150181
0.000162251
0.000175213
0.000189127
0.000204053
0.00022006
0.000237217
0.000255597
0.000275278
0.000296342
0.000318875
0.000342968
0.000368716
0.000396221
0.000425586
0.000456922
0.000490346
0.00052598
0.000563949
0.000604389
0.000647437
0.000693241
0.000741951
0.000793727
0.000848734
0.000907146
0.000969141
0.00103491
0.00110464
0.00117854
0.00125681
0.00133968
0.00142738
0.00152012
0.00161816
0.00172175
0.00183113
0.00194659
0.0020684
0.00219683
0.00233218
0.00247475
0.00262484
0.00278278
0.00294888
0.00312348
0.00330692
0.00349955
0.00370171
0.00391377
0.0041361
0.00436908
0.00461308
0.00486849
0.00513571
0.00541512
0.00570714
0.00601216
0.0063306
0.00666286
0.00700937
0.00737053
0.00774676
0.00813848
0.0085461
0.00897003
0.00941069
0.00986847
0.0103438
0.010837
0.0113486
0.0118789
0.0124282
0.012997
0.0135856
0.0141943
0.0148235
0.0154735
0.0161445
0.0168369
0.0175509
0.0182868
0.0190447
0.019825
0.0206276
0.0214529
0.0223009
0.0231718
0.0240655
0.0249822
0.0259218
0.0268843
0.0278696
0.0288777
0.0299085
0.0309616
0.032037
0.0331344
0.0342535
0.035394
0.0365555
0.0377375
0.0389397
0.0401616
0.0414025
0.0426619
0.0439392
0.0452336
0.0465445
0.047871
0.0492125
0.0505679
0.0519365
0.0533171
0.054709
0.0561109
0.0575219
0.0589408
0.0603664
0.0617976
0.0632332
0.0646717
0.066112
0.0675527
0.0689924
0.0704297
0.0718633
0.0732916
0.0747132
0.0761265
0.0775301
0.0789224
0.080302
0.0816671
0.0830164
0.0843482
0.0856609
0.086953
0.088223
0.0894692
0.0906903
0.0918844
0.0930504
0.0941865
0.0952915
0.0963637
0.0974018
0.0984045
0.0993703
0.100298
0.101186
0.102034
0.10284
0.103603
0.104322
0.104997
0.105625
0.106206
0.10674
0.107225
0.107662
0.108048
0.108384
0.108669
0.108903
0.109085
0.109216
0.109294
0.10932
0.109293
0.109214
0.109083
0.1089
0.108665
0.108379
0.108041
0.107653
0.107214
0.106726
0.106189
0.105604
0.104972
0.104293
0.103568
0.102799
0.101987
0.101132
0.100235
0.0992991
0.0983241
0.0973115
0.0962627
0.0951792
0.0940622
0.0929134
0.091734
0.0905257
0.08929
0.0880284
0.0867424
0.0854338
0.0841039
0.0827544
0.081387
0.0800032
0.0786046
0.0771929
0.0757695
0.074336
0.0728941
0.0714453
0.069991
0.0685328
0.0670722
0.0656106
0.0641494
0.06269
0.0612338
0.0597821
0.0583362
0.0568973
0.0554666
0.0540454
0.0526347
0.0512356
0.0498491
0.0484763
0.0471181
0.0457753
0.0444489
0.0431397
0.0418483
0.0405756
0.0393221
0.0380885
0.0368754
0.0356832
0.0345125
0.0333636
0.032237
0.031133
0.0300519
0.028994
0.0279594
0.0269483
0.0259609
0.0249972
0.0240573
0.0231412
0.0222489
0.0213804
0.0205355
0.0197142
0.0189162
0.0181415
0.0173898
0.016661
0.0159547
0.0152707
0.0146087
0.0139684
0.0133494
0.0127515
0.0121743
0.0116174
0.0110803
0.0105628
0.0100644
0.00958466
0.00912321
0.0086796
0.0082534
0.00784417
0.00745147
0.00707486
0.00671389
0.00636812
0.0060371
0.00572039
0.00541755
0.00512815
0.00485175
0.00458791
0.00433623
0.00409627
0.00386763
0.00364989
0.00344266
0.00324554
0.00305816
0.00288012
0.00271107
0.00255064
