1.94869e-14
2.12904e-14
2.50535e-14
3.11008e-14
3.99515e-14
5.23606e-14
6.9379e-14
9.24355e-14
1.23448e-13
1.64973e-13
2.20397e-13
2.94194e-13
3.92262e-13
5.22352e-13
6.94639e-13
9.22451e-13
1.22322e-12
1.61972e-12
2.14163e-12
2.82758e-12
3.72779e-12
4.90744e-12
6.45095e-12
8.46756e-12
1.10984e-11
1.45253e-11
1.89826e-11
2.47715e-11
3.22786e-11
4.19994e-11
5.45679e-11
7.07941e-11
9.17112e-11
1.18635e-10
1.5324e-10
1.97649e-10
2.54556e-10
3.27371e-10
4.20398e-10
5.39074e-10
6.90244e-10
8.82516e-10
1.1267e-09
1.43635e-09
1.82844e-09
2.32416e-09
2.94997e-09
3.73882e-09
4.73173e-09
5.97958e-09
7.54551e-09
9.50764e-09
1.19625e-08
1.50294e-08
1.88549e-08
2.36198e-08
2.95457e-08
3.69045e-08
4.60289e-08
5.73257e-08
7.12909e-08
8.85292e-08
1.09776e-07
1.35923e-07
1.68053e-07
2.07475e-07
2.55773e-07
3.14854e-07
3.87018e-07
4.7503e-07
5.82207e-07
7.12528e-07
8.70749e-07
1.06256e-06
1.29473e-06
1.57533e-06
1.91396e-06
2.322e-06
2.81292e-06
3.40268e-06
4.11011e-06
4.95738e-06
5.97061e-06
7.18048e-06
8.62294e-06
1.03401e-05
1.23812e-05
1.48037e-05
1.76743e-05
2.10709e-05
2.50838e-05
2.98174e-05
3.53928e-05
4.19497e-05
4.96489e-05
5.86758e-05
6.92431e-05
8.15947e-05
9.60098e-05
0.000112807
0.000132351
0.000155055
0.00018139
0.000211888
0.000247155
0.000287873
0.000334812
0.000388838
0.000450926
0.000522168
0.000603787
0.000697149
0.000803778
0.000925369
0.00106381
0.00122118
0.00139979
0.0016022
0.00183121
0.00208992
0.0023817
0.00271029
0.00307973
0.00349444
0.00395924
0.00447935
0.00506042
0.00570857
0.00643038
0.00723294
0.00812385
0.00911125
0.0102038
0.0114108
0.0127421
0.0142079
0.0158195
0.0175882
0.0195263
0.0216466
0.0239622
0.026487
0.0292353
0.0322219
0.0354621
0.0389715
0.0427661
0.046862
0.0512756
0.0560235
0.0611221
0.0665881
0.0724375
0.0786864
0.0853504
0.0924444
0.0999827
0.107979
0.116445
0.125393
0.134833
0.144772
0.15522
0.166179
0.177654
0.189646
0.202154
0.215174
0.2287
0.242724
0.257234
0.272216
0.287653
0.303524
0.319806
0.336473
0.353495
0.370839
0.38847
0.406349
0.424434
0.442681
0.461042
0.479469
0.497909
0.516308
0.53461
0.552759
0.570694
0.588357
0.605686
0.622622
0.639102
0.655068
0.670458
0.685215
0.699281
0.7126
0.72512
0.73679
0.747562
0.757391
0.766236
0.774061
0.780831
0.786518
0.791098
0.79455
0.79686
0.798017
0.798017
0.79686
0.79455
0.791098
0.786518
0.780831
0.774061
0.766236
0.757391
0.747562
0.73679
0.72512
0.7126
0.699281
0.685215
0.670458
0.655068
0.639102
0.622622
0.605686
0.588357
0.570694
0.552759
0.53461
0.516308
0.497909
0.479469
0.461042
0.442681
0.424434
0.406349
0.38847
0.370839
0.353495
0.336473
0.319806
0.303524
0.287653
0.272216
0.257234
0.242724
0.2287
0.215174
0.202154
0.189646
0.177654
0.166179
0.15522
0.144772
0.134833
0.125393
0.116445
0.107979
0.0999827
0.0924444
0.0853504
0.0786864
0.0724375
0.0665881
0.0611221
0.0560235
0.0512756
0.046862
0.0427661
0.0389715
0.0354621
0.0322219
0.0292353
0.026487
0.0239622
0.0216466
0.0195263
0.0175882
0.0158195
0.0142079
0.0127421
0.0114108
0.0102038
0.00911125
0.00812385
0.00723294
0.00643038
0.00570857
0.00506042
0.00447935
0.00395924
0.00349444
0.00307973
0.00271029
0.0023817
0.00208992
0.00183121
0.0016022
0.00139979
0.00122118
0.00106381
0.000925369
0.000803778
0.000697149
0.000603787
0.000522168
0.000450926
0.000388838
0.000334812
0.000287873
0.000247155
0.000211888
0.00018139
0.000155055
0.000132351
0.000112807
9.60098e-05
8.15947e-05
6.92431e-05
5.86758e-05
4.96489e-05
4.19497e-05
3.53928e-05
2.98174e-05
2.50838e-05
2.10709e-05
1.76743e-05
1.48037e-05
1.23812e-05
1.03401e-05
8.62294e-06
7.18048e-06
5.97061e-06
4.95738e-06
4.11011e-06
3.40268e-06
2.81292e-06
2.322e-06
1.91396e-06
1.57533e-06
1.29473e-06
1.06256e-06
8.70749e-07
7.12528e-07
5.82207e-07
4.7503e-07
3.87018e-07
3.14854e-07
2.55773e-07
2.07475e-07
1.68053e-07
1.35923e-07
1.09776e-07
8.85292e-08
7.12909e-08
5.73257e-08
4.60289e-08
3.69045e-08
2.95457e-08
2.36198e-08
1.88549e-08
1.50294e-08
1.19625e-08
9.50764e-09
7.54551e-09
5.97958e-09
4.73173e-09
3.73882e-09
2.94997e-09
2.32416e-09
1.82844e-09
1.43635e-09
1.1267e-09
8.82516e-10
6.90244e-10
5.39074e-10
4.20398e-10
3.27371e-10
2.54556e-10
1.97649e-10
1.5324e-10
1.18635e-10
9.17112e-11
7.07941e-11
5.45679e-11
4.19994e-11
3.22786e-11
2.47715e-11
1.89826e-11
1.45253e-11
1.10984e-11
8.46756e-12
6.45095e-12
4.90744e-12
3.72779e-12
2.82758e-12
2.14163e-12
1.61972e-12
1.22322e-12
9.22451e-13
6.94639e-13
5.22352e-13
3.92262e-13
2.94194e-13
2.20397e-13
1.64973e-13
1.23448e-13
9.24355e-14
6.9379e-14
5.23606e-14
3.99515e-14
3.11008e-14
2.50535e-14
2.12904e-14
1.94869e-14
