9.92286e-23
1.27548e-22
1.63848e-22
2.10351e-22
2.69886e-22
3.46059e-22
4.43458e-22
5.6792e-22
7.26866e-22
9.29726e-22
1.18847e-21
1.51828e-21
1.93843e-21
2.47332e-21
3.15387e-21
4.01918e-21
5.11875e-21
6.51512e-21
8.2873e-21
1.0535e-20
1.33841e-20
1.69931e-20
2.1562e-20
2.73424e-20
3.46511e-20
4.38861e-20
5.55479e-20
7.02651e-20
8.88266e-20
1.12222e-19
1.41691e-19
1.78787e-19
2.25456e-19
2.8413e-19
3.57851e-19
4.50421e-19
5.66584e-19
7.12263e-19
8.94842e-19
1.12352e-18
1.40976e-18
1.76783e-18
2.21547e-18
2.77471e-18
3.47297e-18
4.34422e-18
5.43067e-18
6.78457e-18
8.47073e-18
1.05693e-17
1.31796e-17
1.64243e-17
2.0455e-17
2.54589e-17
3.16671e-17
3.93645e-17
4.89023e-17
6.0713e-17
7.5329e-17
9.34049e-17
1.15746e-16
1.4334e-16
1.77402e-16
2.19419e-16
2.71218e-16
3.35035e-16
4.13607e-16
5.10284e-16
6.29164e-16
7.75249e-16
9.54653e-16
1.17483e-15
1.44488e-15
1.77589e-15
2.18134e-15
2.67768e-15
3.28487e-15
4.02721e-15
4.93419e-15
6.0416e-15
7.39289e-15
9.04068e-15
1.10488e-14
1.34943e-14
1.64707e-14
2.00909e-14
2.44912e-14
2.98363e-14
3.6325e-14
4.41967e-14
5.374e-14
6.53026e-14
7.93024e-14
9.62424e-14
1.16727e-13
1.41481e-13
1.71375e-13
2.07454e-13
2.50968e-13
3.03416e-13
3.6659e-13
4.42636e-13
5.34115e-13
6.44089e-13
7.7621e-13
9.34835e-13
1.12516e-12
1.35336e-12
1.6268e-12
1.95424e-12
2.34609e-12
2.81469e-12
3.37473e-12
4.04361e-12
4.84195e-12
5.79419e-12
6.92924e-12
8.28132e-12
9.89087e-12
1.18056e-11
1.4082e-11
1.67865e-11
1.99976e-11
2.38075e-11
2.8325e-11
3.3678e-11
4.00168e-11
4.75179e-11
5.63888e-11
6.68724e-11
7.92538e-11
9.38669e-11
1.11103e-10
1.31418e-10
1.55347e-10
1.83514e-10
2.16649e-10
2.55599e-10
3.01358e-10
3.55077e-10
4.181e-10
4.9199e-10
5.78561e-10
6.79924e-10
7.98525e-10
9.37204e-10
1.09925e-09
1.28847e-09
1.50929e-09
1.76679e-09
2.06688e-09
2.41635e-09
2.82308e-09
3.2961e-09
3.84587e-09
4.48441e-09
5.22554e-09
6.08516e-09
7.08156e-09
8.23571e-09
9.57169e-09
1.11171e-08
1.29035e-08
1.49672e-08
1.73495e-08
2.00977e-08
2.3266e-08
2.69161e-08
3.11183e-08
3.59528e-08
4.15111e-08
4.7897e-08
5.5229e-08
6.36412e-08
7.32864e-08
8.43375e-08
9.6991e-08
1.11469e-07
1.28024e-07
1.4694e-07
1.68539e-07
1.93185e-07
2.21288e-07
2.53311e-07
2.89776e-07
3.31271e-07
3.78455e-07
4.32073e-07
4.92959e-07
5.62051e-07
6.404e-07
7.29185e-07
8.29726e-07
9.435e-07
1.07216e-06
1.21755e-06
1.38173e-06
1.56701e-06
1.77594e-06
2.01138e-06
2.27651e-06
2.57487e-06
2.91037e-06
3.28739e-06
3.71076e-06
4.18584e-06
4.71857e-06
5.31554e-06
5.984e-06
6.732e-06
7.5684e-06
8.50299e-06
9.54656e-06
1.0711e-05
1.20093e-05
1.3456e-05
1.50667e-05
1.68589e-05
1.88515e-05
2.10653e-05
2.35233e-05
2.62502e-05
2.92734e-05
3.26227e-05
3.63305e-05
4.04324e-05
4.49668e-05
4.99757e-05
5.55049e-05
6.1604e-05
6.83267e-05
7.57315e-05
8.38816e-05
9.28455e-05
0.000102697
0.000113517
0.000125391
0.000138412
0.000152682
0.000168307
0.000185404
0.000204098
0.000224524
0.000246824
0.000271154
0.000297677
0.00032657
0.000358022
0.000392233
0.000429417
0.000469804
0.000513635
0.000561168
0.000612678
0.000668455
0.000728806
0.000794058
0.000864554
0.000940658
0.00102275
0.00111125
0.00120656
0.00130914
0.00141945
0.001538
0.00166528
0.00180185
0.00194827
0.00210512
0.00227301
0.00245258
0.0026445
0.00284945
0.00306814
0.00330131
0.00354972
0.00381416
0.00409543
0.00439436
0.00471182
0.00504867
0.00540582
0.00578416
0.00618465
0.00660822
0.00705584
0.00752848
0.00802714
0.0085528
0.00910647
0.00968914
0.0103018
0.0109455
0.0116212
0.01233
0.0130726
0.0138502
0.0146637
0.015514
0.0164019
0.0173284
0.0182942
0.0193001
0.0203469
0.0214351
0.0225656
0.0237387
0.024955
0.0262149
0.0275189
0.028867
0.0302596
0.0316966
0.0331782
0.0347042
0.0362744
0.0378884
0.0395459
0.0412463
0.0429889
0.044773
0.0465976
0.0484616
0.0503639
0.0523032
0.054278
0.0562867
0.0583277
0.060399
0.0624986
0.0646245
0.0667743
0.0689456
0.0711361
0.0733428
0.0755631
0.0777941
0.0800328
0.082276
0.0845206
0.0867631
0.0890003
0.0912285
0.0934444
0.0956441
0.0978242
0.0999807
0.10211
0.104208
0.106272
0.108297
0.110279
0.112216
0.114102
0.115935
0.11771
0.119425
0.121076
0.122658
0.12417
0.125608
0.126968
0.128248
0.129446
0.130557
0.131581
0.132514
0.133355
0.134102
0.134752
0.135305
0.135759
0.136113
0.136367
0.136518
0.136569
0.136517
0.136363
0.136107
0.13575
0.135293
0.134736
0.13408
0.133328
0.13248
0.131539
0.130506
0.129383
0.128174
0.12688
0.125505
0.12405
0.12252
0.120917
0.119245
0.117506
0.115705
0.113846
0.111931
0.109965
0.107951
0.105893
0.103796
0.101662
0.0994965
0.0973026
0.0950844
0.0928457
0.0905903
0.088322
0.0860445
0.0837614
0.0814764
0.0791927
0.0769139
0.0746432
0.0723838
0.0701386
0.0679106
0.0657027
0.0635175
0.0613574
0.0592249
0.0571223
0.0550517
0.0530149
0.0510139
0.0490502
0.0471255
0.0452411
0.0433982
0.0415979
0.0398412
0.0381289
0.0364617
0.0348401
0.0332646
0.0317355
0.0302529
0.028817
0.0274276
0.0260847
0.0247881
0.0235374
0.0223322
0.021172
0.0200562
0.0189842
0.0179553
0.0169688
0.0160237
0.0151193
0.0142547
0.0134288
0.0126407
0.0118894
0.0111738
0.010493
0.00984578
0.00923112
0.00864792
0.00809509
0.00757154
0.00707618
0.00660794
0.00616572
0.00574849
0.00535518
0.00498477
0.00463625
0.00430863
0.00400092
0.0037122
0.00344153
0.00318802
0.00295079
0.002729
0.00252184
0.00232851
0.00214826
0.00198035
0.00182408
0.00167878
0.00154379
0.0014185
0.00130231
0.00119466
0.00109502
0.00100286
0.000917709
0.000839098
0.000766592
0.000699776
0.000638258
0.00058167
0.000529662
0.000481906
0.000438095
0.000397937
0.000361162
0.000327514
0.000296755
0.000268662
0.000243027
0.000219655
0.000198366
0.000178991
0.000161374
0.00014537
0.000130843
0.00011767
0.000105735
9.49306e-05
8.51591e-05
7.63292e-05
6.83576e-05
6.1167e-05
5.46868e-05
4.8852e-05
4.3603e-05
3.88852e-05
3.46485e-05
3.08474e-05
2.74401e-05
2.43885e-05
2.16578e-05
1.92166e-05
1.70361e-05
1.50902e-05
1.33552e-05
1.18096e-05
1.0434e-05
9.21074e-06
8.12397e-06
7.15929e-06
6.30377e-06
5.54573e-06
4.87466e-06
4.28112e-06
3.75662e-06
3.29355e-06
2.88507e-06
2.52508e-06
2.2081e-06
1.92924e-06
1.68415e-06
1.46892e-06
1.28008e-06
1.11456e-06
9.69595e-07
8.42754e-07
7.3187e-07
6.35021e-07
5.50509e-07
4.76828e-07
4.12648e-07
3.56794e-07
3.08231e-07
2.66045e-07
2.29431e-07
1.97682e-07
1.70178e-07
1.46371e-07
1.25784e-07
1.07997e-07
9.26438e-08
7.94029e-08
6.79944e-08
5.81735e-08
4.97271e-08
4.24693e-08
3.62386e-08
3.08945e-08
2.63152e-08
2.23946e-08
1.90412e-08
1.61754e-08
1.37287e-08
1.16417e-08
9.86308e-09
8.34872e-09
7.06054e-09
5.96575e-09
5.03619e-09
4.24764e-09
3.57934e-09
3.01346e-09
2.53475e-09
2.13017e-09
1.78854e-09
1.50034e-09
1.25744e-09
1.0529e-09
8.80837e-10
7.3622e-10
6.14787e-10
5.12914e-10
4.27532e-10
3.56037e-10
2.96226e-10
2.46238e-10
2.04497e-10
1.69676e-10
1.40655e-10
1.1649e-10
9.63884e-11
7.96816e-11
6.58099e-11
5.43028e-11
4.47663e-11
3.68704e-11
3.0339e-11
2.49414e-11
2.04851e-11
1.68093e-11
1.37802e-11
1.12865e-11
9.23536e-12
7.54994e-12
6.16633e-12
5.03156e-12
4.10177e-12
3.34065e-12
2.71821e-12
2.20966e-12
1.79456e-12
1.45606e-12
1.1803e-12
9.5586e-13
7.73364e-13
6.25117e-13
5.04809e-13
4.07267e-13
3.2826e-13
2.64328e-13
2.12644e-13
1.70903e-13
1.37223e-13
1.10076e-13
8.82145e-14
7.0627e-14
5.64915e-14
4.51418e-14
3.60375e-14
2.87417e-14
2.29008e-14
1.82292e-14
1.44966e-14
1.15171e-14
9.14107e-15
7.24819e-15
5.74169e-15
4.54387e-15
3.59244e-15
2.83745e-15
2.23894e-15
1.76495e-15
1.38993e-15
1.09353e-15
8.59489e-16
6.74874e-16
5.29391e-16
4.14861e-16
3.24788e-16
2.54019e-16
1.98474e-16
1.54921e-16
1.20805e-16
9.41082e-17
7.32383e-17
5.69398e-17
4.42242e-17
3.43139e-17
2.65978e-17
2.05962e-17
1.59328e-17
1.23129e-17
9.50585e-18
7.33136e-18
5.6486e-18
4.34768e-18
3.343e-18
2.56788e-18
1.97048e-18
1.51053e-18
1.15676e-18
8.84947e-19
6.76314e-19
5.16339e-19
3.93803e-19
3.00039e-19
2.28366e-19
1.73636e-19
1.31887e-19
1.00073e-19
7.58547e-20
5.74382e-20
4.34482e-20
3.28316e-20
2.47835e-20
1.86889e-20
1.40784e-20
1.05942e-20
7.96406e-21
5.98061e-21
4.48646e-21
3.36207e-21
2.51684e-21
1.88212e-21
1.406e-21
1.04921e-21
7.82144e-22
5.82439e-22
4.33267e-22
3.21959e-22
2.38993e-22
1.77219e-22
1.31272e-22
9.71346e-23
7.17979e-23
5.30135e-23
3.91018e-23
2.88099e-23
2.12042e-23
1.55897e-23
1.14494e-23
8.39969e-24
6.15566e-24
4.50627e-24
3.29526e-24
2.40709e-24
1.7564e-24
1.28022e-24
9.32121e-25
6.77933e-25
4.92524e-25
3.57432e-25
2.59111e-25
1.87629e-25
1.35719e-25
9.8062e-26
7.07758e-26
5.10257e-26
3.67464e-26
2.64338e-26
1.89943e-26
1.36335e-26
9.77477e-27
7.00041e-27
5.00791e-27
3.57853e-27
2.55428e-27
1.82115e-27
1.29699e-27
9.22651e-28
6.55619e-28
4.65347e-28
3.29922e-28
2.33645e-28
1.65276e-28
1.1678e-28
8.24209e-29
5.81047e-29
4.09158e-29
2.87789e-29
2.02191e-29
1.41891e-29
9.94596e-30
6.96372e-30
4.87009e-30
3.40198e-30
2.37371e-30
1.65432e-30
1.15162e-30
8.00749e-31
5.56133e-31
3.85795e-31
2.67318e-31
1.85009e-31
1.27894e-31
8.8308e-32
6.09032e-32
4.19537e-32
2.88662e-32
1.9838e-32
1.36173e-32
9.33627e-33
6.39352e-33
4.37313e-33
2.98764e-33
2.03867e-33
1.38947e-33
9.4587e-34
6.43124e-34
4.36755e-34
2.9625e-34
2.00705e-34
1.35811e-34
9.17882e-35
6.19604e-35
4.17749e-35
2.81314e-35
1.89207e-35
1.27103e-35
8.52797e-36
5.71485e-36
3.82501e-36
2.55698e-36
1.70722e-36
1.13846e-36
7.58246e-37
5.0439e-37
3.3511e-37
2.22366e-37
1.47371e-37
9.75471e-38
6.44877e-38
4.25791e-38
2.80786e-38
1.8493e-38
1.21646e-38
7.99173e-39
5.2437e-39
3.43626e-39
2.24899e-39
1.47007e-39
9.5971e-40
6.25734e-40
4.07465e-40
2.64997e-40
1.72123e-40
1.11661e-40
7.2349e-41
4.6823e-41
3.02708e-41
1.95537e-41
1.26285e-41
8.16396e-42
5.2927e-42
3.46261e-42
2.30514e-42
1.59748e-42
1.1897e-42
9.96323e-43
9.68297e-43
1.0832e-42
1.34525e-42
1.77965e-42
2.42985e-42
3.37152e-42
4.71117e-42
6.60152e-42
9.26398e-42
1.30026e-41
1.82449e-41
2.55919e-41
3.58816e-41
5.02828e-41
7.04209e-41
9.85715e-41
1.37892e-40
1.92793e-40
2.69393e-40
3.76204e-40
5.25055e-40
7.32375e-40
1.02095e-39
1.4224e-39
1.98052e-39
2.75603e-39
3.83293e-39
5.32748e-39
7.40043e-39
1.02739e-38
1.42546e-38
1.97661e-38
2.73924e-38
3.79386e-38
5.25141e-38
7.26464e-38
1.00437e-37
1.38777e-37
1.9164e-37
2.64482e-37
3.64794e-37
5.02855e-37
6.92757e-37
9.53808e-37
1.31245e-36
1.80488e-36
2.4806e-36
3.40727e-36
4.67734e-36
6.41702e-36
8.79852e-36
1.20567e-35
1.65116e-35
2.25991e-35
3.09126e-35
4.22592e-35
5.77362e-35
7.88347e-35
1.07579e-34
1.46717e-34
1.99974e-34
2.72401e-34
3.70839e-34
5.04548e-34
6.86057e-34
9.32309e-34
1.26619e-33
1.71863e-33
2.33133e-33
3.16058e-33
4.28223e-33
5.79848e-33
7.84691e-33
1.06126e-32
1.43446e-32
1.93774e-32
2.61602e-32
3.52961e-32
4.75941e-32
6.41386e-32
8.63824e-32
1.16271e-31
1.56407e-31
2.10272e-31
2.82519e-31
3.7936e-31
5.09092e-31
6.82778e-31
9.15171e-31
1.22593e-30
1.64121e-30
2.19586e-30
2.93619e-30
3.92376e-30
5.24035e-30
6.99448e-30
9.33018e-30
1.24384e-29
1.6572e-29
2.20661e-29
2.93639e-29
3.90517e-29
5.19045e-29
6.89458e-29
9.15269e-29
1.21431e-28
1.61007e-28
2.13353e-28
2.82548e-28
3.73957e-28
4.94641e-28
6.53875e-28
8.63849e-28
1.14056e-27
1.50499e-27
1.98467e-27
2.61565e-27
3.44515e-27
4.53496e-27
5.96589e-27
7.84358e-27
1.0306e-26
1.35332e-26
1.77603e-26
2.32935e-26
3.0532e-26
3.99957e-26
5.23608e-26
6.85071e-26
8.9578e-26
1.17058e-25
1.52876e-25
1.99532e-25
2.60268e-25
3.39285e-25
4.42022e-25
5.75517e-25
7.48873e-25
9.73853e-25
1.26565e-24
1.64388e-24
2.13383e-24
2.76811e-24
3.58875e-24
4.64984e-24
6.02097e-24
7.79165e-24
1.00769e-23
1.30244e-23
1.68238e-23
2.17183e-23
2.80194e-23
3.61266e-23
4.6551e-23
5.99466e-23
7.71497e-23
