0.00357911
0.00362735
0.0037242
0.00387035
0.0040669
0.00431524
0.00461717
0.0049748
0.00539061
0.0058674
0.00640832
0.00701685
0.00769677
0.00845218
0.0092875
0.0102074
0.0112169
0.0123211
0.0135256
0.0148359
0.0162579
0.0177977
0.0194614
0.0212552
0.0231854
0.0252583
0.0274803
0.0298575
0.0323961
0.0351021
0.0379811
0.0410387
0.0442799
0.0477095
0.0513317
0.0551504
0.0591686
0.063389
0.0678133
0.0724426
0.0772771
0.0823161
0.0875581
0.0930003
0.0986391
0.10447
0.110486
0.116682
0.123048
0.129575
0.136252
0.143068
0.15001
0.157062
0.164211
0.171438
0.178726
0.186057
0.193411
0.200766
0.208103
0.215398
0.222629
0.229772
0.236805
0.243702
0.250441
0.256997
0.263346
0.269464
0.27533
0.280919
0.286211
0.291184
0.295818
0.300095
0.303998
0.307509
0.310614
0.313301
0.315558
0.317375
0.318745
0.319661
0.320121
0.320121
0.319661
0.318745
0.317375
0.315558
0.313301
0.310614
0.307509
0.303998
0.300095
0.295818
0.291184
0.286211
0.280919
0.27533
0.269464
0.263346
0.256997
0.250441
0.243702
0.236805
0.229772
0.222629
0.215398
0.208103
0.200766
0.193411
0.186057
0.178726
0.171438
0.164211
0.157062
0.15001
0.143068
0.136252
0.129575
0.123048
0.116682
0.110486
0.10447
0.0986391
0.0930003
0.0875581
0.0823161
0.0772771
0.0724426
0.0678133
0.063389
0.0591686
0.0551504
0.0513317
0.0477095
0.0442799
0.0410387
0.0379811
0.0351021
0.0323961
0.0298575
0.0274803
0.0252583
0.0231854
0.0212552
0.0194614
0.0177977
0.0162579
0.0148359
0.0135256
0.0123211
0.0112169
0.0102074
0.0092875
0.00845218
0.00769677
0.00701685
0.00640832
0.0058674
0.00539061
0.0049748
0.00461717
0.00431524
0.0040669
0.00387035
0.0037242
0.00362735
0.00357911
