2.0065e-13
2.20093e-13
2.60731e-13
3.2621e-13
4.22376e-13
5.57755e-13
7.44243e-13
9.98077e-13
1.34113e-12
1.80263e-12
2.42149e-12
3.24926e-12
4.3541e-12
5.8259e-12
7.78299e-12
1.03808e-11
1.38232e-11
1.83769e-11
2.43904e-11
3.23184e-11
4.27526e-11
5.64622e-11
7.44448e-11
9.79924e-11
1.28775e-10
1.68948e-10
2.21288e-10
2.89363e-10
3.77755e-10
4.92334e-10
6.40606e-10
8.32156e-10
1.0792e-09
1.39726e-09
1.80608e-09
2.33067e-09
3.00265e-09
3.862e-09
4.9591e-09
6.35733e-09
8.13636e-09
1.0396e-08
1.32614e-08
1.68885e-08
2.14723e-08
2.7255e-08
3.45382e-08
4.36953e-08
5.5189e-08
6.95912e-08
8.7607e-08
1.10105e-07
1.38152e-07
1.73058e-07
2.16427e-07
2.70217e-07
3.3682e-07
4.19147e-07
5.20737e-07
6.45884e-07
7.99787e-07
9.88731e-07
1.2203e-06
1.50362e-06
1.84966e-06
2.2716e-06
2.78519e-06
3.40928e-06
4.16633e-06
5.08311e-06
6.19142e-06
7.52895e-06
9.14036e-06
1.10784e-05
1.34052e-05
1.61941e-05
1.95309e-05
2.35166e-05
2.82689e-05
3.39258e-05
4.06476e-05
4.86211e-05
5.8063e-05
6.92243e-05
8.23954e-05
9.79112e-05
0.000116157
0.000137577
0.000162679
0.000192043
0.000226336
0.000266314
0.000312837
0.000366884
0.00042956
0.000502117
0.000585964
0.000682688
0.00079407
0.000922107
0.00106903
0.00123732
0.00142975
0.0016494
0.00189966
0.0021843
0.00250745
0.00287369
0.00328801
0.00375588
0.00428328
0.00487671
0.00554324
0.00629051
0.00712679
0.00806099
0.00910267
0.0102621
0.0115501
0.0129785
0.0145596
0.0163065
0.018233
0.0203536
0.0226836
0.0252387
0.0280355
0.0310912
0.0344233
0.0380499
0.0419895
0.0462609
0.0508832
0.0558755
0.0612568
0.0670462
0.0732623
0.0799233
0.0870468
0.0946496
0.102747
0.111355
0.120486
0.130151
0.140362
0.151124
0.162445
0.174328
0.186772
0.199777
0.213336
0.227442
0.242083
0.257244
0.272905
0.289045
0.305637
0.322652
0.340054
0.357808
0.375871
0.394197
0.412739
0.431445
0.450258
0.469121
0.487972
0.506748
0.525383
0.54381
0.56196
0.579764
0.59715
0.614049
0.63039
0.646105
0.661125
0.675385
0.68882
0.701371
0.712979
0.72359
0.733155
0.741628
0.748968
0.755141
0.760115
0.763868
0.76638
0.767639
0.767639
0.76638
0.763868
0.760115
0.755141
0.748968
0.741628
0.733155
0.72359
0.712979
0.701371
0.68882
0.675385
0.661125
0.646105
0.63039
0.614049
0.59715
0.579764
0.56196
0.54381
0.525383
0.506748
0.487972
0.469121
0.450258
0.431445
0.412739
0.394197
0.375871
0.357808
0.340054
0.322652
0.305637
0.289045
0.272905
0.257244
0.242083
0.227442
0.213336
0.199777
0.186772
0.174328
0.162445
0.151124
0.140362
0.130151
0.120486
0.111355
0.102747
0.0946496
0.0870468
0.0799233
0.0732623
0.0670462
0.0612568
0.0558755
0.0508832
0.0462609
0.0419895
0.0380499
0.0344233
0.0310912
0.0280355
0.0252387
0.0226836
0.0203536
0.018233
0.0163065
0.0145596
0.0129785
0.0115501
0.0102621
0.00910267
0.00806099
0.00712679
0.00629051
0.00554324
0.00487671
0.00428328
0.00375588
0.00328801
0.00287369
0.00250745
0.0021843
0.00189966
0.0016494
0.00142975
0.00123732
0.00106903
0.000922107
0.00079407
0.000682688
0.000585964
0.000502117
0.00042956
0.000366884
0.000312837
0.000266314
0.000226336
0.000192043
0.000162679
0.000137577
0.000116157
9.79112e-05
8.23954e-05
6.92243e-05
5.8063e-05
4.86211e-05
4.06476e-05
3.39258e-05
2.82689e-05
2.35166e-05
1.95309e-05
1.61941e-05
1.34052e-05
1.10784e-05
9.14036e-06
7.52895e-06
6.19142e-06
5.08311e-06
4.16633e-06
3.40928e-06
2.78519e-06
2.2716e-06
1.84966e-06
1.50362e-06
1.2203e-06
9.88731e-07
7.99787e-07
6.45884e-07
5.20737e-07
4.19147e-07
3.3682e-07
2.70217e-07
2.16427e-07
1.73058e-07
1.38152e-07
1.10105e-07
8.7607e-08
6.95912e-08
5.5189e-08
4.36953e-08
3.45382e-08
2.7255e-08
2.14723e-08
1.68885e-08
1.32614e-08
1.0396e-08
8.13636e-09
6.35733e-09
4.9591e-09
3.862e-09
3.00265e-09
2.33067e-09
1.80608e-09
1.39726e-09
1.0792e-09
8.32156e-10
6.40606e-10
4.92334e-10
3.77755e-10
2.89363e-10
2.21288e-10
1.68948e-10
1.28775e-10
9.79924e-11
7.44448e-11
5.64622e-11
4.27526e-11
3.23184e-11
2.43904e-11
1.83769e-11
1.38232e-11
1.03808e-11
7.78299e-12
5.8259e-12
4.3541e-12
3.24926e-12
2.42149e-12
1.80263e-12
1.34113e-12
9.98077e-13
7.44243e-13
5.57755e-13
4.22376e-13
3.2621e-13
2.60731e-13
2.20093e-13
2.0065e-13
