0.000217338
0.000228661
0.000251738
0.000287437
0.000337085
0.000402495
0.000485997
0.00059049
0.000719489
0.00087719
0.00106853
0.00129929
0.00157611
0.00190667
0.00229967
0.00276501
0.00331382
0.00395857
0.00471313
0.00559284
0.00661458
0.00779677
0.00915942
0.0107241
0.0125139
0.0145534
0.0168685
0.0194861
0.0224344
0.025742
0.0294381
0.0335519
0.0381122
0.0431472
0.0486834
0.0547457
0.0613564
0.0685349
0.0762965
0.0846524
0.0936087
0.103166
0.113317
0.124051
0.135346
0.147176
0.159503
0.172284
0.185466
0.198988
0.212781
0.226769
0.240867
0.254985
0.269028
0.282895
0.29648
0.309679
0.322383
0.334485
0.345881
0.356469
0.366152
0.374839
0.38245
0.38891
0.394156
0.398138
0.400814
0.402159
0.402159
0.400814
0.398138
0.394156
0.38891
0.38245
0.374839
0.366152
0.356469
0.345881
0.334485
0.322383
0.309679
0.29648
0.282895
0.269028
0.254985
0.240867
0.226769
0.212781
0.198988
0.185466
0.172284
0.159503
0.147176
0.135346
0.124051
0.113317
0.103166
0.0936087
0.0846524
0.0762965
0.0685349
0.0613564
0.0547457
0.0486834
0.0431472
0.0381122
0.0335519
0.0294381
0.025742
0.0224344
0.0194861
0.0168685
0.0145534
0.0125139
0.0107241
0.00915942
0.00779677
0.00661458
0.00559284
0.00471313
0.00395857
0.00331382
0.00276501
0.00229967
0.00190667
0.00157611
0.00129929
0.00106853
0.00087719
0.000719489
0.00059049
0.000485997
0.000402495
0.000337085
0.000287437
0.000251738
0.000228661
0.000217338
