1.22577e-05
1.30856e-05
1.47865e-05
1.74524e-05
2.12258e-05
2.63054e-05
3.29534e-05
4.15055e-05
5.23832e-05
6.61082e-05
8.33201e-05
0.000104797
0.000131482
0.000164505
0.000205224
0.000255252
0.000316505
0.000391245
0.000482133
0.000592284
0.000725331
0.000885489
0.00107763
0.00130737
0.00158113
0.00190624
0.00229101
0.00274484
0.0032783
0.00390321
0.00463273
0.00548143
0.00646536
0.00760212
0.00891086
0.0104123
0.0121288
0.0140842
0.0163039
0.0188145
0.0216441
0.0248217
0.0283771
0.0323406
0.036743
0.0416146
0.0469854
0.0528842
0.0593382
0.0663727
0.0740101
0.0822695
0.0911662
0.100711
0.110908
0.121759
0.133255
0.145383
0.158122
0.171442
0.185307
0.199671
0.214479
0.229669
0.245171
0.260907
0.276789
0.292726
0.308619
0.324365
0.339854
0.354978
0.369623
0.383677
0.397028
0.409568
0.421193
0.431802
0.441304
0.449615
0.45666
0.462376
0.466709
0.469621
0.471083
0.471083
0.469621
0.466709
0.462376
0.45666
0.449615
0.441304
0.431802
0.421193
0.409568
0.397028
0.383677
0.369623
0.354978
0.339854
0.324365
0.308619
0.292726
0.276789
0.260907
0.245171
0.229669
0.214479
0.199671
0.185307
0.171442
0.158122
0.145383
0.133255
0.121759
0.110908
0.100711
0.0911662
0.0822695
0.0740101
0.0663727
0.0593382
0.0528842
0.0469854
0.0416146
0.036743
0.0323406
0.0283771
0.0248217
0.0216441
0.0188145
0.0163039
0.0140842
0.0121288
0.0104123
0.00891086
0.00760212
0.00646536
0.00548143
0.00463273
0.00390321
0.0032783
0.00274484
0.00229101
0.00190624
0.00158113
0.00130737
0.00107763
0.000885489
0.000725331
0.000592284
0.000482133
0.000391245
0.000316505
0.000255252
0.000205224
0.000164505
0.000131482
0.000104797
8.33201e-05
6.61082e-05
5.23832e-05
4.15055e-05
3.29534e-05
2.63054e-05
2.12258e-05
1.74524e-05
1.47865e-05
1.30856e-05
1.22577e-05
