5.99281e-14
6.56138e-14
7.74883e-14
9.65986e-14
1.24621e-13
1.63998e-13
2.18134e-13
2.91667e-13
3.90836e-13
5.23971e-13
7.02135e-13
9.39975e-13
1.25683e-12
1.67816e-12
2.23746e-12
2.97869e-12
3.95941e-12
5.25493e-12
6.96356e-12
9.21346e-12
1.21714e-11
1.6054e-11
2.11422e-11
2.77999e-11
3.64974e-11
4.78415e-11
6.26143e-11
8.18215e-11
1.06755e-10
1.39069e-10
1.80885e-10
2.34908e-10
3.04592e-10
3.94334e-10
5.09726e-10
6.57862e-10
8.47732e-10
1.09071e-09
1.40115e-09
1.79715e-09
2.3015e-09
2.94282e-09
3.75702e-09
4.78904e-09
6.09509e-09
7.74528e-09
9.827e-09
1.24489e-08
1.57459e-08
1.98852e-08
2.50737e-08
3.15671e-08
3.96804e-08
4.98018e-08
6.24079e-08
7.80839e-08
9.75461e-08
1.2167e-07
1.51526e-07
1.88415e-07
2.33922e-07
2.8997e-07
3.58892e-07
4.43506e-07
5.47221e-07
6.74145e-07
8.29223e-07
1.01839e-06
1.24879e-06
1.52893e-06
1.86902e-06
2.28122e-06
2.78002e-06
3.38265e-06
4.10954e-06
4.9849e-06
6.03736e-06
7.30072e-06
8.81478e-06
1.06264e-05
1.27905e-05
1.53715e-05
1.84447e-05
2.20982e-05
2.64344e-05
3.15725e-05
3.76511e-05
4.48305e-05
5.32963e-05
6.32629e-05
7.49772e-05
8.87231e-05
0.000104827
0.000123662
0.000145656
0.000171297
0.00020114
0.000235817
0.000276045
0.000322637
0.00037651
0.000438699
0.00051037
0.000592832
0.000687555
0.00079618
0.000920543
0.00106269
0.00122488
0.00140966
0.00161979
0.00185838
0.00212882
0.00243485
0.00278057
0.00317048
0.00360948
0.00410291
0.0046566
0.00527685
0.00597049
0.00674487
0.00760792
0.00856816
0.0096347
0.0108173
0.0121262
0.0135726
0.0151681
0.0169249
0.0188561
0.0209752
0.0232964
0.0258346
0.0286051
0.0316238
0.0349071
0.0384719
0.0423353
0.0465147
0.0510279
0.0558926
0.0611266
0.0667477
0.0727731
0.0792201
0.0861051
0.0934442
0.101252
0.109544
0.118331
0.127626
0.137439
0.147778
0.15865
0.170059
0.182007
0.194495
0.207518
0.221072
0.235148
0.249734
0.264817
0.280377
0.296393
0.312841
0.329693
0.346916
0.364477
0.382335
0.400451
0.418778
0.437268
0.45587
0.474531
0.493195
0.511802
0.530291
0.548602
0.56667
0.58443
0.601818
0.618767
0.635213
0.65109
0.666336
0.680886
0.694682
0.707664
0.719778
0.73097
0.741192
0.750398
0.758547
0.765602
0.771531
0.776308
0.77991
0.78232
0.783528
0.783528
0.78232
0.77991
0.776308
0.771531
0.765602
0.758547
0.750398
0.741192
0.73097
0.719778
0.707664
0.694682
0.680886
0.666336
0.65109
0.635213
0.618767
0.601818
0.58443
0.56667
0.548602
0.530291
0.511802
0.493195
0.474531
0.45587
0.437268
0.418778
0.400451
0.382335
0.364477
0.346916
0.329693
0.312841
0.296393
0.280377
0.264817
0.249734
0.235148
0.221072
0.207518
0.194495
0.182007
0.170059
0.15865
0.147778
0.137439
0.127626
0.118331
0.109544
0.101252
0.0934442
0.0861051
0.0792201
0.0727731
0.0667477
0.0611266
0.0558926
0.0510279
0.0465147
0.0423353
0.0384719
0.0349071
0.0316238
0.0286051
0.0258346
0.0232964
0.0209752
0.0188561
0.0169249
0.0151681
0.0135726
0.0121262
0.0108173
0.0096347
0.00856816
0.00760792
0.00674487
0.00597049
0.00527685
0.0046566
0.00410291
0.00360948
0.00317048
0.00278057
0.00243485
0.00212882
0.00185838
0.00161979
0.00140966
0.00122488
0.00106269
0.000920543
0.00079618
0.000687555
0.000592832
0.00051037
0.000438699
0.00037651
0.000322637
0.000276045
0.000235817
0.00020114
0.000171297
0.000145656
0.000123662
0.000104827
8.87231e-05
7.49772e-05
6.32629e-05
5.32963e-05
4.48305e-05
3.76511e-05
3.15725e-05
2.64344e-05
2.20982e-05
1.84447e-05
1.53715e-05
1.27905e-05
1.06264e-05
8.81478e-06
7.30072e-06
6.03736e-06
4.9849e-06
4.10954e-06
3.38265e-06
2.78002e-06
2.28122e-06
1.86902e-06
1.52893e-06
1.24879e-06
1.01839e-06
8.29223e-07
6.74145e-07
5.47221e-07
4.43506e-07
3.58892e-07
2.8997e-07
2.33922e-07
1.88415e-07
1.51526e-07
1.2167e-07
9.75461e-08
7.80839e-08
6.24079e-08
4.98018e-08
3.96804e-08
3.15671e-08
2.50737e-08
1.98852e-08
1.57459e-08
1.24489e-08
9.827e-09
7.74528e-09
6.09509e-09
4.78904e-09
3.75702e-09
2.94282e-09
2.3015e-09
1.79715e-09
1.40115e-09
1.09071e-09
8.47732e-10
6.57862e-10
5.09726e-10
3.94334e-10
3.04592e-10
2.34908e-10
1.80885e-10
1.39069e-10
1.06755e-10
8.18215e-11
6.26143e-11
4.78415e-11
3.64974e-11
2.77999e-11
2.11422e-11
1.6054e-11
1.21714e-11
9.21346e-12
6.96356e-12
5.25493e-12
3.95941e-12
2.97869e-12
2.23746e-12
1.67816e-12
1.25683e-12
9.39975e-13
7.02135e-13
5.23971e-13
3.90836e-13
2.91667e-13
2.18134e-13
1.63998e-13
1.24621e-13
9.65986e-14
7.74883e-14
6.56138e-14
5.99281e-14
