2.51407e-32
2.72419e-32
3.16149e-32
3.86136e-32
4.88038e-32
6.30069e-32
8.23646e-32
1.08427e-31
1.43274e-31
1.89674e-31
2.51301e-31
3.3301e-31
4.41213e-31
5.84364e-31
7.73597e-31
1.02357e-30
1.35355e-30
1.78886e-30
2.36278e-30
3.11895e-30
4.11465e-30
5.42493e-30
7.14814e-30
9.41302e-30
1.2388e-29
1.62934e-29
2.1417e-29
2.81347e-29
3.69371e-29
4.84642e-29
6.35502e-29
8.32817e-29
1.09074e-28
1.42767e-28
1.86756e-28
2.4415e-28
3.1899e-28
4.1652e-28
5.43542e-28
7.08872e-28
9.23934e-28
1.20352e-27
1.56676e-27
2.0384e-27
2.65042e-27
3.44413e-27
4.47284e-27
5.8053e-27
7.53018e-27
9.76169e-27
1.26469e-26
1.6375e-26
2.11893e-26
2.74027e-26
3.54166e-26
4.57469e-26
5.90547e-26
7.61882e-26
9.82336e-26
1.26582e-25
1.63014e-25
2.09805e-25
2.69865e-25
3.4691e-25
4.45685e-25
5.72242e-25
7.34295e-25
9.41678e-25
1.20691e-24
1.54592e-24
1.97897e-24
2.53181e-24
3.23717e-24
4.13656e-24
5.28268e-24
6.74234e-24
8.60017e-24
1.09634e-23
1.39676e-23
1.77845e-23
2.2631e-23
2.8781e-23
3.65805e-23
4.64658e-23
5.89875e-23
7.48389e-23
9.48936e-23
1.20251e-22
1.52293e-22
1.92759e-22
2.43832e-22
3.08254e-22
3.89466e-22
4.91781e-22
6.20606e-22
7.82714e-22
9.86579e-22
1.24281e-21
1.56465e-21
1.96867e-21
2.47555e-21
3.11109e-21
3.90748e-21
4.90483e-21
6.1531e-21
7.71447e-21
9.66633e-21
1.21049e-20
1.51496e-20
1.8949e-20
2.36872e-20
2.95928e-20
3.69488e-20
4.61061e-20
5.74989e-20
7.16646e-20
8.92675e-20
1.11129e-19
1.38262e-19
1.71918e-19
2.13641e-19
2.65334e-19
3.2934e-19
4.08546e-19
5.06501e-19
6.27574e-19
7.77129e-19
9.61758e-19
1.18955e-18
1.47043e-18
1.81656e-18
2.24285e-18
2.76755e-18
3.41299e-18
4.20649e-18
5.18142e-18
6.37857e-18
7.8477e-18
9.64953e-18
1.18581e-17
1.45636e-17
1.78759e-17
2.19287e-17
2.68846e-17
3.29411e-17
4.03385e-17
4.9368e-17
6.03833e-17
7.38132e-17
9.01773e-17
1.10105e-16
1.34357e-16
1.63855e-16
1.99713e-16
2.43275e-16
2.96166e-16
3.60346e-16
4.38177e-16
5.32507e-16
6.46767e-16
7.85085e-16
9.52427e-16
1.15476e-15
1.39927e-15
1.69455e-15
2.05095e-15
2.48086e-15
2.99914e-15
3.62358e-15
4.37547e-15
5.28031e-15
6.36855e-15
7.67659e-15
9.24791e-15
1.11344e-14
1.33978e-14
1.61121e-14
1.93649e-14
2.32608e-14
2.79244e-14
3.35034e-14
4.01737e-14
4.81439e-14
5.76619e-14
6.90215e-14
8.25709e-14
9.87229e-14
1.17966e-13
1.40878e-13
1.68142e-13
2.00566e-13
2.39104e-13
2.84882e-13
3.39227e-13
4.03704e-13
4.80159e-13
5.70762e-13
6.78068e-13
8.05081e-13
9.55331e-13
1.13297e-12
1.34285e-12
1.5907e-12
1.8832e-12
2.2282e-12
2.63487e-12
3.11396e-12
3.67803e-12
4.34177e-12
5.12233e-12
6.03972e-12
7.11729e-12
8.38227e-12
9.86638e-12
1.16065e-11
1.36457e-11
1.60339e-11
1.88292e-11
2.2099e-11
2.59217e-11
3.03881e-11
3.56036e-11
4.169e-11
4.87888e-11
5.70634e-11
6.6703e-11
7.79259e-11
9.09847e-11
1.0617e-10
1.2382e-10
1.44319e-10
1.68116e-10
1.95724e-10
2.27735e-10
2.64828e-10
3.07786e-10
3.57506e-10
4.1502e-10
4.81508e-10
5.58327e-10
6.47028e-10
7.49391e-10
8.67449e-10
1.00353e-09
1.16029e-09
1.34076e-09
1.54842e-09
1.78721e-09
2.06165e-09
2.37685e-09
2.73868e-09
3.15378e-09
3.6297e-09
4.17505e-09
4.79958e-09
5.51436e-09
6.33196e-09
7.26662e-09
8.33445e-09
9.55373e-09
1.09451e-08
1.25319e-08
1.43405e-08
1.64008e-08
1.87463e-08
2.1415e-08
2.44496e-08
2.78982e-08
3.1815e-08
3.62609e-08
4.13044e-08
4.70226e-08
5.35016e-08
6.08387e-08
6.91422e-08
7.85342e-08
8.91509e-08
1.01145e-07
1.14687e-07
1.29968e-07
1.47201e-07
1.66623e-07
1.885e-07
2.13128e-07
2.40836e-07
2.71991e-07
3.07e-07
3.46317e-07
3.90447e-07
4.39949e-07
4.95444e-07
5.57621e-07
6.27242e-07
7.05154e-07
7.9229e-07
8.89687e-07
9.98486e-07
1.11995e-06
1.25548e-06
1.4066e-06
1.57502e-06
1.76259e-06
1.97138e-06
2.20365e-06
2.46187e-06
2.74879e-06
3.0674e-06
3.421e-06
3.81317e-06
4.24789e-06
4.72947e-06
5.26265e-06
5.8526e-06
6.50499e-06
7.22598e-06
8.02232e-06
8.90135e-06
9.87108e-06
1.09402e-05
1.21183e-05
1.34155e-05
1.48432e-05
1.64135e-05
1.81396e-05
2.00358e-05
2.21177e-05
2.4402e-05
2.6907e-05
2.96522e-05
3.26589e-05
3.59501e-05
3.95505e-05
4.34867e-05
4.77875e-05
5.24839e-05
5.76091e-05
6.31988e-05
6.92916e-05
7.59286e-05
8.31542e-05
9.10156e-05
9.95638e-05
0.000108853
0.000118941
0.000129891
0.000141768
0.000154644
0.000168593
0.000183696
0.000200038
0.000217712
0.000236812
0.000257442
0.00027971
0.000303732
0.000329631
0.000357535
0.000387581
0.000419915
0.000454688
0.000492063
0.000532207
0.000575301
0.000621531
0.000671097
0.000724205
0.000781074
0.000841931
0.000907017
0.00097658
0.00105088
0.0011302
0.00121482
0.00130503
0.00140115
0.0015035
0.00161241
0.00172823
0.00185132
0.00198206
0.00212083
0.00226804
0.00242409
0.00258941
0.00276444
0.00294964
0.00314547
0.0033524
0.00357092
0.00380154
0.00404476
0.00430112
0.00457114
0.00485537
0.00515435
0.00546866
0.00579885
0.00614551
0.00650922
0.00689055
0.00729011
0.00770848
0.00814625
0.00860403
0.0090824
0.00958196
0.0101033
0.010647
0.0112136
0.0118037
0.0124178
0.0130565
0.0137203
0.0144097
0.0151253
0.0158674
0.0166365
0.017433
0.0182574
0.01911
0.0199912
0.0209011
0.0218402
0.0228085
0.0238064
0.0248339
0.0258912
0.0269783
0.0280951
0.0292417
0.0304179
0.0316236
0.0328585
0.0341225
0.035415
0.0367358
0.0380844
0.0394603
0.0408628
0.0422913
0.043745
0.0452233
0.0467252
0.0482497
0.0497959
0.0513627
0.0529489
0.0545534
0.0561748
0.0578118
0.059463
0.0611269
0.062802
0.0644867
0.0661792
0.0678779
0.0695809
0.0712866
0.0729928
0.0746979
0.0763997
0.0780963
0.0797856
0.0814656
0.083134
0.0847889
0.086428
0.0880492
0.0896502
0.0912291
0.0927834
0.0943111
0.0958099
0.0972778
0.0987125
0.100112
0.101474
0.102797
0.104078
0.105316
0.106509
0.107655
0.108752
0.109798
0.110791
0.111731
0.112615
0.113443
0.114212
0.114922
0.115571
0.116158
0.116682
0.117143
0.117539
0.117871
0.118137
0.118336
0.11847
0.118536
0.118536
0.11847
0.118336
0.118137
0.117871
0.117539
0.117143
0.116682
0.116158
0.115571
0.114922
0.114212
0.113443
0.112615
0.111731
0.110791
0.109798
0.108752
0.107655
0.106509
0.105316
0.104078
0.102797
0.101474
0.100112
0.0987125
0.0972778
0.0958099
0.0943111
0.0927834
0.0912291
0.0896502
0.0880492
0.086428
0.0847889
0.083134
0.0814656
0.0797856
0.0780963
0.0763997
0.0746979
0.0729928
0.0712866
0.0695809
0.0678779
0.0661792
0.0644867
0.062802
0.0611269
0.059463
0.0578118
0.0561748
0.0545534
0.0529489
0.0513627
0.0497959
0.0482497
0.0467252
0.0452233
0.043745
0.0422913
0.0408628
0.0394603
0.0380844
0.0367358
0.035415
0.0341225
0.0328585
0.0316236
0.0304179
0.0292417
0.0280951
0.0269783
0.0258912
0.0248339
0.0238064
0.0228085
0.0218402
0.0209011
0.0199912
0.01911
0.0182574
0.017433
0.0166365
0.0158674
0.0151253
0.0144097
0.0137203
0.0130565
0.0124178
0.0118037
0.0112136
0.010647
0.0101033
0.00958196
0.0090824
0.00860403
0.00814625
0.00770848
0.00729011
0.00689055
0.00650922
0.00614551
0.00579885
0.00546866
0.00515435
0.00485537
0.00457114
0.00430112
0.00404476
0.00380154
0.00357092
0.0033524
0.00314547
0.00294964
0.00276444
0.00258941
0.00242409
0.00226804
0.00212083
0.00198206
0.00185132
0.00172823
0.00161241
0.0015035
0.00140115
0.00130503
0.00121482
0.0011302
0.00105088
0.00097658
0.000907017
0.000841931
0.000781074
0.000724205
0.000671097
0.000621531
0.000575301
0.000532207
0.000492063
0.000454688
0.000419915
0.000387581
0.000357535
0.000329631
0.000303732
0.00027971
0.000257442
0.000236812
0.000217712
0.000200038
0.000183696
0.000168593
0.000154644
0.000141768
0.000129891
0.000118941
0.000108853
9.95638e-05
9.10156e-05
8.31542e-05
7.59286e-05
6.92916e-05
6.31988e-05
5.76091e-05
5.24839e-05
4.77875e-05
4.34867e-05
3.95505e-05
3.59501e-05
3.26589e-05
2.96522e-05
2.6907e-05
2.4402e-05
2.21177e-05
2.00358e-05
1.81396e-05
1.64135e-05
1.48432e-05
1.34155e-05
1.21183e-05
1.09402e-05
9.87108e-06
8.90135e-06
8.02232e-06
7.22598e-06
6.50499e-06
5.8526e-06
5.26265e-06
4.72947e-06
4.24789e-06
3.81317e-06
3.421e-06
3.0674e-06
2.74879e-06
2.46187e-06
2.20365e-06
1.97138e-06
1.76259e-06
1.57502e-06
1.4066e-06
1.25548e-06
1.11995e-06
9.98486e-07
8.89687e-07
7.9229e-07
7.05154e-07
6.27242e-07
5.57621e-07
4.95444e-07
4.39949e-07
3.90447e-07
3.46317e-07
3.07e-07
2.71991e-07
2.40836e-07
2.13128e-07
1.885e-07
1.66623e-07
1.47201e-07
1.29968e-07
1.14687e-07
1.01145e-07
8.91509e-08
7.85342e-08
6.91422e-08
6.08387e-08
5.35016e-08
4.70226e-08
4.13044e-08
3.62609e-08
3.1815e-08
2.78982e-08
2.44496e-08
2.1415e-08
1.87463e-08
1.64008e-08
1.43405e-08
1.25319e-08
1.09451e-08
9.55373e-09
8.33445e-09
7.26662e-09
6.33196e-09
5.51436e-09
4.79958e-09
4.17505e-09
3.6297e-09
3.15378e-09
2.73868e-09
2.37685e-09
2.06165e-09
1.78721e-09
1.54842e-09
1.34076e-09
1.16029e-09
1.00353e-09
8.67449e-10
7.49391e-10
6.47028e-10
5.58327e-10
4.81508e-10
4.1502e-10
3.57506e-10
3.07786e-10
2.64828e-10
2.27735e-10
1.95724e-10
1.68116e-10
1.44319e-10
1.2382e-10
1.0617e-10
9.09847e-11
7.79259e-11
6.6703e-11
5.70634e-11
4.87888e-11
4.169e-11
3.56036e-11
3.03881e-11
2.59217e-11
2.2099e-11
1.88292e-11
1.60339e-11
1.36457e-11
1.16065e-11
9.86638e-12
8.38227e-12
7.11729e-12
6.03972e-12
5.12233e-12
4.34177e-12
3.67803e-12
3.11396e-12
2.63487e-12
2.2282e-12
1.8832e-12
1.5907e-12
1.34285e-12
1.13297e-12
9.55331e-13
8.05081e-13
6.78068e-13
5.70762e-13
4.80159e-13
4.03704e-13
3.39227e-13
2.84882e-13
2.39104e-13
2.00566e-13
1.68142e-13
1.40878e-13
1.17966e-13
9.87229e-14
8.25709e-14
6.90215e-14
5.76619e-14
4.81439e-14
4.01737e-14
3.35034e-14
2.79244e-14
2.32608e-14
1.93649e-14
1.61121e-14
1.33978e-14
1.11344e-14
9.24791e-15
7.67659e-15
6.36855e-15
5.28031e-15
4.37547e-15
3.62358e-15
2.99914e-15
2.48086e-15
2.05095e-15
1.69455e-15
1.39927e-15
1.15476e-15
9.52427e-16
7.85085e-16
6.46767e-16
5.32507e-16
4.38177e-16
3.60346e-16
2.96166e-16
2.43275e-16
1.99713e-16
1.63855e-16
1.34357e-16
1.10105e-16
9.01773e-17
7.38132e-17
6.03833e-17
4.9368e-17
4.03385e-17
3.29411e-17
2.68846e-17
2.19287e-17
1.78759e-17
1.45636e-17
1.18581e-17
9.64953e-18
7.8477e-18
6.37857e-18
5.18142e-18
4.20649e-18
3.41299e-18
2.76755e-18
2.24285e-18
1.81656e-18
1.47043e-18
1.18955e-18
9.61758e-19
7.77129e-19
6.27574e-19
5.06501e-19
4.08546e-19
3.2934e-19
2.65334e-19
2.13641e-19
1.71918e-19
1.38262e-19
1.11129e-19
8.92675e-20
7.16646e-20
5.74989e-20
4.61061e-20
3.69488e-20
2.95928e-20
2.36872e-20
1.8949e-20
1.51496e-20
1.21049e-20
9.66633e-21
7.71447e-21
6.1531e-21
4.90483e-21
3.90748e-21
3.11109e-21
2.47555e-21
1.96867e-21
1.56465e-21
1.24281e-21
9.86579e-22
7.82714e-22
6.20606e-22
4.91781e-22
3.89466e-22
3.08254e-22
2.43832e-22
1.92759e-22
1.52293e-22
1.20251e-22
9.48936e-23
7.48389e-23
5.89875e-23
4.64658e-23
3.65805e-23
2.8781e-23
2.2631e-23
1.77845e-23
1.39676e-23
1.09634e-23
8.60017e-24
6.74234e-24
5.28268e-24
4.13656e-24
3.23717e-24
2.53181e-24
1.97897e-24
1.54592e-24
1.20691e-24
9.41678e-25
7.34295e-25
5.72242e-25
4.45685e-25
3.4691e-25
2.69865e-25
2.09805e-25
1.63014e-25
1.26582e-25
9.82336e-26
7.61882e-26
5.90547e-26
4.57469e-26
3.54166e-26
2.74027e-26
2.11893e-26
1.6375e-26
1.26469e-26
9.76169e-27
7.53018e-27
5.8053e-27
4.47284e-27
3.44413e-27
2.65042e-27
2.0384e-27
1.56676e-27
1.20352e-27
9.23934e-28
7.08872e-28
5.43542e-28
4.1652e-28
3.1899e-28
2.4415e-28
1.86756e-28
1.42767e-28
1.09074e-28
8.32817e-29
6.35502e-29
4.84642e-29
3.69371e-29
2.81347e-29
2.1417e-29
1.62934e-29
1.2388e-29
9.41302e-30
7.14814e-30
5.42493e-30
4.11465e-30
3.11895e-30
2.36278e-30
1.78886e-30
1.35355e-30
1.02357e-30
7.73597e-31
5.84364e-31
4.41213e-31
3.3301e-31
2.51301e-31
1.89674e-31
1.43274e-31
1.08427e-31
8.23646e-32
6.30069e-32
4.88038e-32
3.86136e-32
3.16149e-32
2.72419e-32
2.51407e-32
