0.0
0.0
0.0
0.0
0.0
0.0
0.0
0.0
0.0
0.0
0.0
0.0
0.0
0.0
0.0
0.0
0.0
0.0
0.0
0.0
0.0
0.0
0.0
0.0
0.0
0.0
0.0
0.0
0.0
0.0
0.0
0.0
0.0
0.0
0.0
0.0
0.0
0.0
0.0
0.0
0.0
0.0
0.0
0.0
0.0
0.0
0.0
0.0
0.0
0.0
0.0
0.0
0.0
0.0
0.0
0.0
0.0
0.0
0.0
0.0
0.0
0.0
0.0
0.0
0.0
0.0
0.0
0.0
0.0
0.0
0.0
0.0
0.0
0.0
0.0
0.0
0.0
0.0
0.0
0.0
0.0
0.0
0.0
0.0
0.0
0.0
0.0
0.0
0.0
0.0
0.0
0.0
0.0
0.0
0.0
0.0
0.0
0.0
0.0
0.0
0.0
0.0
0.0
0.0
0.0
0.0
0.0
0.0
0.0
0.0
0.0
0.0
0.0
0.0
0.0
0.0
0.0
0.0
0.0
0.0
0.0
0.0
0.0
0.0
0.0
0.0
0.0
0.0
0.0
0.0
0.0
0.0
0.0
0.0
0.0
0.0
0.0
0.0
0.0
0.0
0.0
0.0
0.0
0.0
0.0
0.0
0.0
0.0
0.0
0.0
0.0
0.0
0.0
0.0
0.0
0.0
0.0
0.0
0.0
0.0
0.0
0.0
0.0
0.0
0.0
0.0
0.0
0.0
0.0
0.0
0.0
0.0
0.0
0.0
0.0
0.0
0.0
0.0
0.0
0.0
0.0
0.0
0.0
0.0
0.0
0.0
0.0
0.0
0.0
0.0
0.0
0.0
0.0
0.0
0.0
0.0
0.0
0.0
0.0
0.0
0.0
0.0
0.0
0.0
0.0
0.0
0.0
0.0
0.0
0.0
0.0
0.0
0.0
0.0
0.0
0.0
0.0
0.0
0.0
0.0
0.0
0.0
0.0
0.0
0.0
0.0
0.0
0.0
0.0
0.0
0.0
0.0
0.0
0.0
0.0
0.0
0.0
0.0
0.0
0.0
0.0
0.0
0.0
0.0
0.0
0.0
0.0
0.0
0.0
0.0
0.0
0.0
0.0
0.0
0.0
0.0
0.0
0.0
0.0
0.0
0.0
0.0
0.0
0.0
0.0
0.0
0.0
0.0
0.0
0.0
0.0
0.0
0.0
0.0
0.0
0.0
0.0
0.0
0.0
0.0
0.0
0.0
0.0
0.0
0.0
0.0
0.0
0.0
0.0
0.0
0.0
0.0
0.0
0.0
0.0
0.0
0.0
0.0
0.0
0.0
0.0
0.0
0.0
0.0
0.0
0.0
0.0
0.0
0.0
0.0
0.0
0.0
0.0
0.0
0.0
0.0
0.0
0.0
0.0
0.0
0.0
0.0
0.0
0.0
0.0
0.0
0.0
0.0
0.0
0.0
0.0
0.0
0.0
0.0
0.0
0.0
0.0
0.0
0.0
0.0
0.0
0.0
0.0
0.0
0.0
0.0
0.0
0.0
0.0
0.0
0.0
0.0
0.0
0.0
0.0
0.0
0.0
0.0
0.0
0.0
0.0
0.0
0.0
0.0
0.0
0.0
0.0
0.0
0.0
0.0
0.0
0.0
0.0
0.0
0.0
0.0
0.0
0.0
0.0
0.0
0.0
0.0
0.0
0.0
0.0
0.0
0.0
0.0
0.0
0.0
0.0
0.0
0.0
0.0
0.0
0.0
0.0
0.0
1.4013e-45
4.2039e-45
7.00649e-45
1.68156e-44
4.2039e-44
1.00893e-43
2.38221e-43
5.54914e-43
1.2976e-42
3.017e-42
6.99388e-42
1.61402e-41
3.71092e-41
8.49916e-41
1.93895e-40
4.4064e-40
9.97516e-40
2.24946e-39
5.05313e-39
1.13077e-38
2.52067e-38
5.59751e-38
1.23826e-37
2.72876e-37
5.99051e-37
1.31011e-36
2.85429e-36
6.19499e-36
1.33948e-35
2.88527e-35
6.19148e-35
1.32362e-34
2.819e-34
5.98125e-34
1.26431e-33
2.66249e-33
5.58589e-33
1.16754e-32
2.43122e-32
5.04377e-32
1.04248e-31
2.14664e-31
4.40387e-31
9.0011e-31
1.83292e-30
3.71861e-30
7.51635e-30
1.51365e-29
3.03696e-29
6.07083e-29
1.20907e-28
2.39915e-28
4.74307e-28
9.34254e-28
1.83346e-27
3.58495e-27
6.98391e-27
1.35557e-26
2.62151e-26
5.05115e-26
9.69704e-26
1.85481e-25
3.53485e-25
6.71206e-25
1.26986e-24
2.3937e-24
4.49571e-24
8.41289e-24
1.56859e-23
2.91401e-23
5.39377e-23
9.94747e-23
1.82791e-22
3.34669e-22
6.1052e-22
1.1097e-21
2.00971e-21
3.62648e-21
6.52019e-21
1.16804e-20
2.08488e-20
3.70791e-20
6.57055e-20
1.16011e-19
2.0409e-19
3.57741e-19
6.24802e-19
1.08728e-18
1.88524e-18
3.25699e-18
5.60651e-18
9.616e-18
1.64332e-17
2.79817e-17
4.74735e-17
8.02517e-17
1.3517e-16
2.26847e-16
3.79323e-16
6.31987e-16
1.04913e-15
1.73531e-15
2.85986e-15
4.69607e-15
7.68327e-15
1.2525e-14
2.03437e-14
3.29231e-14
5.30874e-14
8.52902e-14
1.36529e-13
2.17754e-13
3.46037e-13
5.47891e-13
8.6433e-13
1.35856e-12
2.12758e-12
3.31976e-12
5.16103e-12
7.99418e-12
1.23373e-11
1.89701e-11
2.9062e-11
4.43592e-11
6.74597e-11
1.02213e-10
1.543e-10
2.32073e-10
3.47759e-10
5.19192e-10
7.72272e-10
1.14447e-09
1.68977e-09
2.48564e-09
3.64281e-09
5.31887e-09
7.7372e-09
1.12132e-08
1.61903e-08
2.32892e-08
3.33758e-08
4.76519e-08
6.77796e-08
9.60477e-08
1.35594e-07
1.90704e-07
2.67202e-07
3.72974e-07
5.1865e-07
7.18497e-07
9.91579e-07
1.36326e-06
1.86715e-06
2.54755e-06
3.46264e-06
4.68847e-06
6.32398e-06
8.49736e-06
1.13738e-05
1.51656e-05
2.01434e-05
2.6652e-05
3.51274e-05
4.61186e-05
6.0314e-05
7.85723e-05
0.000101959
0.000131791
0.000169684
0.000217617
0.000277995
0.000353728
0.000448317
0.000565956
0.000711633
0.000891257
0.00111178
0.00138134
0.0017094
0.00210689
0.0025864
0.00316225
0.00385072
0.00467013
0.00564093
0.00678584
0.00812987
0.00970032
0.0115267
0.0136408
0.016076
0.0188678
0.0220528
0.0256684
0.0297523
0.0343421
0.0394739
0.0451819
0.0514975
0.058448
0.0660554
0.0743356
0.0832971
0.0929396
0.103253
0.114218
0.125801
0.137959
0.150634
0.163756
0.177242
0.190996
0.204911
0.218867
0.232736
0.246381
0.259661
0.272429
0.284537
0.295841
0.306198
0.315473
0.323544
0.330299
0.33564
0.33949
0.341789
0.342498
0.341601
0.339105
0.335036
0.329447
0.322407
0.314008
0.304359
0.293582
0.281814
0.2692
0.255892
0.242046
0.227819
0.213365
0.198831
0.184358
0.170079
0.156112
0.142563
0.129524
0.117074
0.105274
0.0941726
0.083802
0.0741824
0.0653207
0.0572127
0.049844
0.0431915
0.0372252
0.0319092
0.0272031
0.023064
0.0194468
0.0163059
0.013596
0.0112728
0.00929381
0.00761866
0.00620972
0.00503222
0.00405437
0.00324749
0.00258593
0.00204698
0.00161072
0.00125985
0.000979478
0.000756879
0.000581295
0.000443697
0.000336571
0.000253717
0.000190057
0.000141468
0.00010463
7.68866e-05
5.6134e-05
4.07154e-05
2.93377e-05
2.09994e-05
1.49305e-05
1.05442e-05
7.39589e-06
5.15213e-06
3.56433e-06
2.4487e-06
1.67046e-06
1.1315e-06
7.60958e-07
5.08077e-07
3.36769e-07
2.21586e-07
1.44719e-07
9.38123e-08
6.03544e-08
3.8534e-08
2.44137e-08
1.53478e-08
9.57296e-09
5.92384e-09
3.63648e-09
2.21434e-09
1.33739e-09
8.01099e-10
4.75871e-10
2.80305e-10
1.63708e-10
9.47911e-11
5.44104e-11
3.09579e-11
1.7458e-11
9.75673e-12
5.40328e-12
2.96488e-12
1.61179e-12
8.67979e-13
4.6298e-13
2.44578e-13
1.27944e-13
6.62703e-14
3.39828e-14
1.72498e-14
8.66637e-15
4.30883e-15
2.11977e-15
1.03173e-15
4.96733e-16
2.36537e-16
1.11385e-16
5.18601e-17
2.387e-17
1.08595e-17
4.88237e-18
2.1689e-18
9.51825e-19
4.12575e-19
1.76602e-19
7.46356e-20
3.11365e-20
1.28197e-20
5.20803e-21
2.08721e-21
8.25002e-22
3.21545e-22
1.23544e-22
4.67831e-23
1.74556e-23
6.41573e-24
2.32224e-24
8.27567e-25
2.90274e-25
1.00184e-25
3.40131e-26
1.13558e-26
3.72718e-27
1.20224e-27
3.80986e-28
1.18574e-28
3.62307e-29
1.08648e-29
3.19643e-30
9.22241e-31
2.60853e-31
7.23015e-32
1.96304e-32
5.21871e-33
1.35791e-33
3.45674e-34
8.6053e-35
2.094e-35
4.97862e-36
1.15602e-36
2.62027e-37
5.79501e-38
1.24993e-38
2.62807e-39
5.38397e-40
1.07417e-40
2.08597e-41
3.94045e-42
7.24471e-43
1.30321e-43
2.10195e-44
2.8026e-45
2.8026e-45
2.8026e-45
2.8026e-45
2.8026e-45
2.8026e-45
2.8026e-45
2.8026e-45
2.8026e-45
2.8026e-45
2.8026e-45
2.8026e-45
2.8026e-45
2.8026e-45
2.8026e-45
2.8026e-45
2.8026e-45
2.8026e-45
2.8026e-45
2.8026e-45
2.8026e-45
2.8026e-45
2.8026e-45
2.8026e-45
2.8026e-45
2.8026e-45
2.8026e-45
2.8026e-45
2.8026e-45
2.8026e-45
2.8026e-45
2.8026e-45
0.0
0.0
0.0
0.0
0.0
0.0
0.0
0.0
0.0
0.0
0.0
0.0
0.0
0.0
0.0
0.0
0.0
0.0
0.0
0.0
0.0
0.0
0.0
0.0
0.0
0.0
0.0
0.0
0.0
0.0
0.0
0.0
0.0
0.0
0.0
0.0
0.0
0.0
0.0
0.0
0.0
0.0
0.0
0.0
0.0
0.0
0.0
0.0
0.0
0.0
0.0
0.0
0.0
0.0
0.0
0.0
0.0
0.0
0.0
0.0
0.0
0.0
0.0
0.0
0.0
0.0
0.0
0.0
0.0
0.0
0.0
0.0
0.0
0.0
0.0
0.0
0.0
0.0
0.0
0.0
0.0
0.0
0.0
0.0
0.0
0.0
0.0
0.0
0.0
0.0
0.0
0.0
0.0
0.0
0.0
0.0
0.0
0.0
0.0
0.0
0.0
0.0
0.0
0.0
0.0
0.0
0.0
0.0
0.0
0.0
0.0
0.0
0.0
0.0
0.0
0.0
0.0
0.0
0.0
0.0
0.0
0.0
0.0
0.0
0.0
0.0
0.0
0.0
0.0
0.0
0.0
0.0
0.0
0.0
0.0
0.0
0.0
0.0
0.0
0.0
0.0
0.0
0.0
0.0
0.0
0.0
0.0
0.0
0.0
0.0
0.0
0.0
0.0
0.0
0.0
0.0
0.0
0.0
0.0
0.0
0.0
0.0
0.0
0.0
0.0
0.0
0.0
0.0
0.0
0.0
0.0
0.0
0.0
0.0
0.0
0.0
0.0
0.0
