3.3349e-08
3.63402e-08
4.25578e-08
5.24884e-08
6.69018e-08
8.69021e-08
1.13999e-07
1.50205e-07
1.98162e-07
2.613e-07
3.4405e-07
4.52098e-07
5.92712e-07
7.75151e-07
1.01117e-06
1.31562e-06
1.70727e-06
2.20968e-06
2.85238e-06
3.6723e-06
4.7154e-06
6.03878e-06
7.71312e-06
9.82563e-06
1.24836e-05
1.58188e-05
1.99919e-05
2.51992e-05
3.16789e-05
3.97196e-05
4.96697e-05
6.19483e-05
7.70582e-05
9.56007e-05
0.000118292
0.000145983
0.000179681
0.000220574
0.00027006
0.000329776
0.000401635
0.000487863
0.000591042
0.000714155
0.000860639
0.00103444
0.00124006
0.00148264
0.001768
0.00210274
0.00249428
0.00295093
0.00348199
0.00409783
0.00480989
0.00563084
0.00657457
0.00765628
0.00889252
0.0103012
0.0119017
0.0137148
0.0157624
0.0180683
0.020657
0.0235545
0.026788
0.0303853
0.0343752
0.0387868
0.0436498
0.0489935
0.054847
0.0612388
0.0681959
0.0757442
0.0839072
0.092706
0.102159
0.11228
0.12308
0.134566
0.146737
0.15959
0.173113
0.187289
0.202096
0.217501
0.233466
0.249947
0.26689
0.284234
0.301912
0.319848
0.337963
0.356167
0.374369
0.392469
0.410367
0.427956
0.44513
0.46178
0.477798
0.493076
0.50751
0.520998
0.533443
0.544755
0.554849
0.56365
0.57109
0.577113
0.581672
0.584732
0.586267
0.586267
0.584732
0.581672
0.577113
0.57109
0.56365
0.554849
0.544755
0.533443
0.520998
0.50751
0.493076
0.477798
0.46178
0.44513
0.427956
0.410367
0.392469
0.374369
0.356167
0.337963
0.319848
0.301912
0.284234
0.26689
0.249947
0.233466
0.217501
0.202096
0.187289
0.173113
0.15959
0.146737
0.134566
0.12308
0.11228
0.102159
0.092706
0.0839072
0.0757442
0.0681959
0.0612388
0.054847
0.0489935
0.0436498
0.0387868
0.0343752
0.0303853
0.026788
0.0235545
0.020657
0.0180683
0.0157624
0.0137148
0.0119017
0.0103012
0.00889252
0.00765628
0.00657457
0.00563084
0.00480989
0.00409783
0.00348199
0.00295093
0.00249428
0.00210274
0.001768
0.00148264
0.00124006
0.00103444
0.000860639
0.000714155
0.000591042
0.000487863
0.000401635
0.000329776
0.00027006
0.000220574
0.000179681
0.000145983
0.000118292
9.56007e-05
7.70582e-05
6.19483e-05
4.96697e-05
3.97196e-05
3.16789e-05
2.51992e-05
1.99919e-05
1.58188e-05
1.24836e-05
9.82563e-06
7.71312e-06
6.03878e-06
4.7154e-06
3.6723e-06
2.85238e-06
2.20968e-06
1.70727e-06
1.31562e-06
1.01117e-06
7.75151e-07
5.92712e-07
4.52098e-07
3.4405e-07
2.613e-07
1.98162e-07
1.50205e-07
1.13999e-07
8.69021e-08
6.69018e-08
5.24884e-08
4.25578e-08
3.63402e-08
3.3349e-08
