0.000244058
0.0002524
0.000269292
0.000295149
0.000330605
0.000376515
0.000433969
0.000504308
0.000589136
0.000690343
0.000810123
0.000951
0.00111585
0.00130794
0.00153095
0.00178897
0.00208662
0.00242897
0.00282165
0.00327087
0.00378341
0.0043667
0.00502879
0.00577842
0.00662501
0.00757869
0.00865025
0.00985122
0.0111938
0.0126908
0.0143558
0.0162029
0.0182465
0.0205019
0.0229843
0.0257096
0.0286935
0.031952
0.0355007
0.0393551
0.0435303
0.0480404
0.052899
0.0581185
0.06371
0.0696829
0.076045
0.0828021
0.0899577
0.0975127
0.105466
0.113812
0.122543
0.131649
0.141115
0.150923
0.161051
0.171474
0.182163
0.193085
0.204204
0.21548
0.22687
0.238327
0.249803
0.261246
0.272601
0.283813
0.294826
0.30558
0.316019
0.326083
0.335714
0.344857
0.353457
0.361461
0.368819
0.375485
0.381417
0.386576
0.390928
0.394445
0.397103
0.398886
0.39978
0.39978
0.398886
0.397103
0.394445
0.390928
0.386576
0.381417
0.375485
0.368819
0.361461
0.353457
0.344857
0.335714
0.326083
0.316019
0.30558
0.294826
0.283813
0.272601
0.261246
0.249803
0.238327
0.22687
0.21548
0.204204
0.193085
0.182163
0.171474
0.161051
0.150923
0.141115
0.131649
0.122543
0.113812
0.105466
0.0975127
0.0899577
0.0828021
0.076045
0.0696829
0.06371
0.0581185
0.052899
0.0480404
0.0435303
0.0393551
0.0355007
0.031952
0.0286935
0.0257096
0.0229843
0.0205019
0.0182465
0.0162029
0.0143558
0.0126908
0.0111938
0.00985122
0.00865025
0.00757869
0.00662501
0.00577842
0.00502879
0.0043667
0.00378341
0.00327087
0.00282165
0.00242897
0.00208662
0.00178897
0.00153095
0.00130794
0.00111585
0.000951
0.000810123
0.000690343
0.000589136
0.000504308
0.000433969
0.000376515
0.000330605
0.000295149
0.000269292
0.0002524
0.000244058
