0.00725828
0.00732722
0.00746538
0.00767336
0.00795205
0.00830262
0.00872651
0.00922548
0.00980151
0.0104569
0.0111941
0.0120158
0.0129251
0.0139252
0.0150193
0.016211
0.017504
0.0189021
0.0204093
0.0220294
0.0237666
0.0256249
0.0276083
0.029721
0.0319667
0.0343495
0.0368729
0.0395404
0.0423554
0.0453208
0.0484395
0.0517137
0.0551454
0.0587363
0.0624875
0.0663996
0.0704727
0.0747062
0.0790991
0.0836496
0.0883553
0.093213
0.0982189
0.103368
0.108656
0.114075
0.11962
0.125282
0.131052
0.136921
0.14288
0.148916
0.155019
0.161176
0.167374
0.173598
0.179835
0.18607
0.192286
0.198468
0.2046
0.210665
0.216646
0.222525
0.228286
0.233912
0.239384
0.244686
0.249802
0.254714
0.259407
0.263865
0.268073
0.272017
0.275684
0.279059
0.282133
0.284893
0.287331
0.289437
0.291204
0.292625
0.293695
0.294411
0.29477
0.29477
0.294411
0.293695
0.292625
0.291204
0.289437
0.287331
0.284893
0.282133
0.279059
0.275684
0.272017
0.268073
0.263865
0.259407
0.254714
0.249802
0.244686
0.239384
0.233912
0.228286
0.222525
0.216646
0.210665
0.2046
0.198468
0.192286
0.18607
0.179835
0.173598
0.167374
0.161176
0.155019
0.148916
0.14288
0.136921
0.131052
0.125282
0.11962
0.114075
0.108656
0.103368
0.0982189
0.093213
0.0883553
0.0836496
0.0790991
0.0747062
0.0704727
0.0663996
0.0624875
0.0587363
0.0551454
0.0517137
0.0484395
0.0453208
0.0423554
0.0395404
0.0368729
0.0343495
0.0319667
0.029721
0.0276083
0.0256249
0.0237666
0.0220294
0.0204093
0.0189021
0.017504
0.016211
0.0150193
0.0139252
0.0129251
0.0120158
0.0111941
0.0104569
0.00980151
0.00922548
0.00872651
0.00830262
0.00795205
0.00767336
0.00746538
0.00732722
0.00725828
