0.0
0.0
0.0
0.0
0.0
0.0
0.0
0.0
0.0
0.0
0.0
0.0
0.0
0.0
0.0
0.0
0.0
0.0
0.0
0.0
0.0
0.0
0.0
0.0
0.0
0.0
0.0
0.0
0.0
0.0
0.0
0.0
0.0
0.0
0.0
0.0
0.0
0.0
0.0
0.0
0.0
0.0
0.0
0.0
0.0
0.0
0.0
0.0
0.0
0.0
0.0
0.0
0.0
0.0
1.4013e-45
4.2039e-45
8.40779e-45
1.82169e-44
3.08286e-44
5.46506e-44
8.96831e-44
1.47136e-43
2.35418e-43
3.76949e-43
5.96953e-43
9.44475e-43
1.48818e-42
2.33737e-42
3.6672e-42
5.73551e-42
8.96831e-42
1.39878e-41
2.1807e-41
3.39366e-41
5.27617e-41
8.19227e-41
1.27054e-40
1.96815e-40
3.04523e-40
4.70619e-40
7.26464e-40
1.12008e-39
1.72498e-39
2.65345e-39
4.07694e-39
6.25682e-39
9.59114e-39
1.46853e-38
2.24592e-38
3.43086e-38
5.23494e-38
7.97844e-38
1.21458e-37
1.84684e-37
2.80503e-37
4.25544e-37
6.44841e-37
9.76029e-37
1.47562e-36
2.22838e-36
3.3613e-36
5.06441e-36
7.62174e-36
1.14573e-35
1.72035e-35
2.58022e-35
3.86546e-35
5.7843e-35
8.64586e-35
1.29084e-34
1.92505e-34
2.86762e-34
4.26685e-34
6.34165e-34
9.41469e-34
1.39611e-33
2.06796e-33
3.05967e-33
4.52186e-33
6.6753e-33
9.8432e-33
1.44982e-32
2.13305e-32
3.13475e-32
4.60169e-32
6.74752e-32
9.88292e-32
1.44591e-31
2.11305e-31
3.08456e-31
4.49772e-31
6.55098e-31
9.53096e-31
1.38511e-30
2.0107e-30
2.91559e-30
4.22303e-30
6.10998e-30
8.83025e-30
1.27475e-29
1.83821e-29
2.6478e-29
3.80974e-29
5.47551e-29
7.86094e-29
1.12731e-28
1.61486e-28
2.31073e-28
3.3028e-28
4.71562e-28
6.7254e-28
9.58119e-28
1.36347e-27
1.93817e-27
2.7521e-27
3.90355e-27
5.5307e-27
7.82754e-27
1.10661e-26
1.56276e-26
2.20452e-26
3.10643e-26
4.37256e-26
6.14803e-26
8.63505e-26
1.21149e-25
1.69787e-25
2.37692e-25
3.32396e-25
4.64327e-25
6.47921e-25
9.03127e-25
1.25749e-24
1.74901e-24
2.43002e-24
3.37255e-24
4.6756e-24
6.47511e-24
8.95755e-24
1.23784e-23
1.70871e-23
2.35617e-23
3.24548e-23
4.46563e-23
6.13792e-23
8.42737e-23
1.15584e-22
1.58357e-22
2.16727e-22
2.96293e-22
4.04638e-22
5.52009e-22
7.5225e-22
1.02403e-21
1.39252e-21
1.89159e-21
2.56678e-21
3.47927e-21
4.71113e-21
6.37235e-21
8.61018e-21
1.16215e-20
1.56694e-20
2.11048e-20
2.83954e-20
3.81641e-20
5.12391e-20
6.87208e-20
9.20695e-20
1.2322e-19
1.64737e-19
2.20009e-19
2.93516e-19
3.91168e-19
5.2076e-19
6.92555e-19
9.20053e-19
1.221e-18
1.61867e-18
2.14361e-18
2.83581e-18
3.74758e-18
4.94732e-18
6.52427e-18
8.59487e-18
1.13107e-17
1.48692e-17
1.95267e-17
2.56163e-17
3.35699e-17
4.39469e-17
5.74716e-17
7.50801e-17
9.79812e-17
1.27734e-16
1.66349e-16
2.16411e-16
2.81246e-16
3.65125e-16
4.73526e-16
6.13472e-16
7.93953e-16
1.02646e-15
1.32569e-15
1.71036e-15
2.20436e-15
2.83811e-15
3.65027e-15
4.68998e-15
6.01959e-15
7.71815e-15
9.88578e-15
1.26491e-14
1.61681e-14
2.06448e-14
2.63338e-14
3.35558e-14
4.27144e-14
5.43167e-14
6.89993e-14
8.75607e-14
1.11001e-13
1.40571e-13
1.77836e-13
2.24749e-13
2.83745e-13
3.5786e-13
4.50871e-13
5.67474e-13
7.135e-13
8.96183e-13
1.12449e-12
1.40951e-12
1.76496e-12
2.2078e-12
2.75892e-12
3.44409e-12
4.29503e-12
5.35074e-12
6.65915e-12
8.27904e-12
1.02825e-11
1.27577e-11
1.58127e-11
1.95792e-11
2.42183e-11
2.9926e-11
3.69413e-11
4.55548e-11
5.61196e-11
6.90642e-11
8.49084e-11
1.04281e-10
1.27945e-10
1.56818e-10
1.92013e-10
2.34868e-10
2.86998e-10
3.50342e-10
4.27234e-10
5.20474e-10
6.33423e-10
7.70103e-10
9.35329e-10
1.13486e-09
1.37556e-09
1.66563e-09
2.01483e-09
2.43479e-09
2.93931e-09
3.5448e-09
4.27071e-09
5.14009e-09
6.18021e-09
7.42333e-09
8.90753e-09
1.06777e-08
1.27868e-08
1.52971e-08
1.82819e-08
2.1827e-08
2.60335e-08
3.10195e-08
3.69233e-08
4.39066e-08
5.21583e-08
6.18988e-08
7.33846e-08
8.69146e-08
1.02836e-07
1.21552e-07
1.43531e-07
1.69314e-07
1.99529e-07
2.34901e-07
2.76267e-07
3.24592e-07
3.80991e-07
4.46742e-07
5.23317e-07
6.12406e-07
7.15946e-07
8.36157e-07
9.75579e-07
1.13711e-06
1.32407e-06
1.54023e-06
1.7899e-06
2.07797e-06
2.41e-06
2.7923e-06
3.23202e-06
3.73727e-06
4.31721e-06
4.98218e-06
5.74387e-06
6.61542e-06
7.61166e-06
8.74922e-06
1.00468e-05
1.15254e-05
1.32085e-05
1.51223e-05
1.72963e-05
1.97631e-05
2.25595e-05
2.5726e-05
2.93079e-05
3.33554e-05
3.79244e-05
4.30764e-05
4.888e-05
5.54106e-05
6.27516e-05
7.09949e-05
8.02417e-05
9.06031e-05
0.000102201
0.00011517
0.000129657
0.000145822
0.00016384
0.000183903
0.000206219
0.000231014
0.000258536
0.000289051
0.000322849
0.000360244
0.000401573
0.000447204
0.000497528
0.000552971
0.000613986
0.000681063
0.000754724
0.000835528
0.000924074
0.001021
0.00112698
0.00124274
0.00136904
0.00150669
0.00165656
0.00181954
0.00199659
0.00218872
0.00239699
0.00262249
0.00286638
0.00312989
0.00341426
0.00372082
0.00405092
0.00440598
0.00478747
0.00519688
0.00563577
0.00610573
0.0066084
0.00714544
0.00771855
0.00832947
0.00897992
0.00967169
0.0104066
0.0111863
0.0120127
0.0128874
0.0138124
0.0147893
0.0158197
0.0169054
0.018048
0.0192488
0.0205096
0.0218315
0.0232159
0.0246639
0.0261767
0.027755
0.0293998
0.0311116
0.0328909
0.034738
0.036653
0.0386358
0.040686
0.0428032
0.0449865
0.0472351
0.0495477
0.0519227
0.0543584
0.0568528
0.0594037
0.0620084
0.0646642
0.0673679
0.0701161
0.0729053
0.0757315
0.0785904
0.0814778
0.0843888
0.0873186
0.0902619
0.0932135
0.0961677
0.0991188
0.102061
0.104988
0.107893
0.110771
0.113615
0.116418
0.119174
0.121876
0.124519
0.127094
0.129596
0.132019
0.134356
0.136601
0.138748
0.140792
0.142727
0.144547
0.146247
0.147824
0.149272
0.150587
0.151766
0.152805
0.153701
0.154452
0.155056
0.15551
0.155813
0.155965
0.155965
0.155813
0.15551
0.155056
0.154452
0.153701
0.152805
0.151766
0.150587
0.149272
0.147824
0.146247
0.144547
0.142727
0.140792
0.138748
0.136601
0.134356
0.132019
0.129596
0.127094
0.124519
0.121876
0.119174
0.116418
0.113615
0.110771
0.107893
0.104988
0.102061
0.0991188
0.0961677
0.0932135
0.0902619
0.0873186
0.0843888
0.0814778
0.0785904
0.0757315
0.0729053
0.0701161
0.0673679
0.0646642
0.0620084
0.0594037
0.0568528
0.0543584
0.0519227
0.0495477
0.0472351
0.0449865
0.0428032
0.040686
0.0386358
0.036653
0.034738
0.0328909
0.0311116
0.0293998
0.027755
0.0261767
0.0246639
0.0232159
0.0218315
0.0205096
0.0192488
0.018048
0.0169054
0.0158197
0.0147893
0.0138124
0.0128874
0.0120127
0.0111863
0.0104066
0.00967169
0.00897992
0.00832947
0.00771855
0.00714544
0.0066084
0.00610573
0.00563577
0.00519688
0.00478747
0.00440598
0.00405092
0.00372082
0.00341426
0.00312989
0.00286638
0.00262249
0.00239699
0.00218872
0.00199659
0.00181954
0.00165656
0.00150669
0.00136904
0.00124274
0.00112698
0.001021
0.000924074
0.000835528
0.000754724
0.000681063
0.000613986
0.000552971
0.000497528
0.000447204
0.000401573
0.000360244
0.000322849
0.000289051
0.000258536
0.000231014
0.000206219
0.000183903
0.00016384
0.000145822
0.000129657
0.00011517
0.000102201
9.06031e-05
8.02417e-05
7.09949e-05
6.27516e-05
5.54106e-05
4.888e-05
4.30764e-05
3.79244e-05
3.33554e-05
2.93079e-05
2.5726e-05
2.25595e-05
1.97631e-05
1.72963e-05
1.51223e-05
1.32085e-05
1.15254e-05
1.00468e-05
8.74922e-06
7.61166e-06
6.61542e-06
5.74387e-06
4.98218e-06
4.31721e-06
3.73727e-06
3.23202e-06
2.7923e-06
2.41e-06
2.07797e-06
1.7899e-06
1.54023e-06
1.32407e-06
1.13711e-06
9.75579e-07
8.36157e-07
7.15946e-07
6.12406e-07
5.23317e-07
4.46742e-07
3.80991e-07
3.24592e-07
2.76267e-07
2.34901e-07
1.99529e-07
1.69314e-07
1.43531e-07
1.21552e-07
1.02836e-07
8.69146e-08
7.33846e-08
6.18988e-08
5.21583e-08
4.39066e-08
3.69233e-08
3.10195e-08
2.60335e-08
2.1827e-08
1.82819e-08
1.52971e-08
1.27868e-08
1.06777e-08
8.90753e-09
7.42333e-09
6.18021e-09
5.14009e-09
4.27071e-09
3.5448e-09
2.93931e-09
2.43479e-09
2.01483e-09
1.66563e-09
1.37556e-09
1.13486e-09
9.35329e-10
7.70103e-10
6.33423e-10
5.20474e-10
4.27234e-10
3.50342e-10
2.86998e-10
2.34868e-10
1.92013e-10
1.56818e-10
1.27945e-10
1.04281e-10
8.49084e-11
6.90642e-11
5.61196e-11
4.55548e-11
3.69413e-11
2.9926e-11
2.42183e-11
1.95792e-11
1.58127e-11
1.27577e-11
1.02825e-11
8.27904e-12
6.65915e-12
5.35074e-12
4.29503e-12
3.44409e-12
2.75892e-12
2.2078e-12
1.76496e-12
1.40951e-12
1.12449e-12
8.96183e-13
7.135e-13
5.67474e-13
4.50871e-13
3.5786e-13
2.83745e-13
2.24749e-13
1.77836e-13
1.40571e-13
1.11001e-13
8.75607e-14
6.89993e-14
5.43167e-14
4.27144e-14
3.35558e-14
2.63338e-14
2.06448e-14
1.61681e-14
1.26491e-14
9.88578e-15
7.71815e-15
6.01959e-15
4.68998e-15
3.65027e-15
2.83811e-15
2.20436e-15
1.71036e-15
1.32569e-15
1.02646e-15
7.93953e-16
6.13472e-16
4.73526e-16
3.65125e-16
2.81246e-16
2.16411e-16
1.66349e-16
1.27734e-16
9.79812e-17
7.50801e-17
5.74716e-17
4.39469e-17
3.35699e-17
2.56163e-17
1.95267e-17
1.48692e-17
1.13107e-17
8.59487e-18
6.52427e-18
4.94732e-18
3.74758e-18
2.83581e-18
2.14361e-18
1.61867e-18
1.221e-18
9.20053e-19
6.92555e-19
5.2076e-19
3.91168e-19
2.93516e-19
2.20009e-19
1.64737e-19
1.2322e-19
9.20695e-20
6.87208e-20
5.12391e-20
3.81641e-20
2.83954e-20
2.11048e-20
1.56694e-20
1.16215e-20
8.61018e-21
6.37235e-21
4.71113e-21
3.47927e-21
2.56678e-21
1.89159e-21
1.39252e-21
1.02403e-21
7.5225e-22
5.52009e-22
4.04638e-22
2.96293e-22
2.16727e-22
1.58357e-22
1.15584e-22
8.42737e-23
6.13792e-23
4.46563e-23
3.24548e-23
2.35617e-23
1.70871e-23
1.23784e-23
8.95755e-24
6.47511e-24
4.6756e-24
3.37255e-24
2.43002e-24
1.74901e-24
1.25749e-24
9.03127e-25
6.47921e-25
4.64327e-25
3.32396e-25
2.37692e-25
1.69787e-25
1.21149e-25
8.63505e-26
6.14803e-26
4.37256e-26
3.10643e-26
2.20452e-26
1.56276e-26
1.10661e-26
7.82754e-27
5.5307e-27
3.90355e-27
2.7521e-27
1.93817e-27
1.36347e-27
9.58119e-28
6.7254e-28
4.71562e-28
3.3028e-28
2.31073e-28
1.61486e-28
1.12731e-28
7.86094e-29
5.47551e-29
3.80974e-29
2.6478e-29
1.83821e-29
1.27475e-29
8.83025e-30
6.10998e-30
4.22303e-30
2.91559e-30
2.0107e-30
1.38511e-30
9.53096e-31
6.55098e-31
4.49772e-31
3.08456e-31
2.11305e-31
1.44591e-31
9.88292e-32
6.74752e-32
4.60169e-32
3.13475e-32
2.13305e-32
1.44982e-32
9.8432e-33
6.6753e-33
4.52186e-33
3.05967e-33
2.06796e-33
1.39611e-33
9.41469e-34
6.34165e-34
4.26685e-34
2.86762e-34
1.92505e-34
1.29084e-34
8.64586e-35
5.7843e-35
3.86546e-35
2.58022e-35
1.72035e-35
1.14573e-35
7.62174e-36
5.06441e-36
3.3613e-36
2.22838e-36
1.47562e-36
9.76029e-37
6.44841e-37
4.25544e-37
2.80503e-37
1.84684e-37
1.21458e-37
7.97844e-38
5.23494e-38
3.43086e-38
2.24592e-38
1.46853e-38
9.59114e-39
6.25682e-39
4.07694e-39
2.65345e-39
1.72498e-39
1.12008e-39
7.26464e-40
4.70619e-40
3.04523e-40
1.96815e-40
1.27054e-40
8.19227e-41
5.27617e-41
3.39366e-41
2.1807e-41
1.39878e-41
8.96831e-42
5.73551e-42
3.6672e-42
2.33737e-42
1.48818e-42
9.44475e-43
5.96953e-43
3.76949e-43
2.35418e-43
1.47136e-43
8.96831e-44
5.46506e-44
3.08286e-44
1.82169e-44
8.40779e-45
4.2039e-45
1.4013e-45
0.0
0.0
0.0
0.0
0.0
0.0
0.0
0.0
0.0
0.0
0.0
0.0
0.0
0.0
0.0
0.0
0.0
0.0
0.0
0.0
0.0
0.0
0.0
0.0
0.0
0.0
0.0
0.0
0.0
0.0
0.0
0.0
0.0
0.0
0.0
0.0
0.0
0.0
0.0
0.0
0.0
0.0
0.0
0.0
0.0
0.0
0.0
0.0
0.0
0.0
0.0
0.0
0.0
0.0
