8.51085e-05
9.00011e-05
0.0001
0.00011554
0.000137285
0.000166151
0.000203328
0.000250308
0.000308927
0.000381402
0.000470386
0.000579022
0.000711003
0.000870647
0.00106296
0.00129374
0.00156963
0.00189822
0.00228815
0.00274918
0.0032923
0.00392979
0.00467534
0.00554408
0.00655266
0.0077193
0.0090638
0.0106075
0.0123735
0.014386
0.0166711
0.0192557
0.0221682
0.0254374
0.0290931
0.0331651
0.0376831
0.0426764
0.048173
0.0541994
0.06078
0.0679364
0.0756869
0.0840455
0.0930218
0.10262
0.112838
0.123667
0.135093
0.147091
0.159631
0.172674
0.186172
0.200069
0.2143
0.228793
0.243468
0.258237
0.273008
0.28768
0.30215
0.31631
0.330053
0.343268
0.355845
0.367679
0.378665
0.388705
0.397709
0.405592
0.41228
0.41771
0.421829
0.424598
0.425989
0.425989
0.424598
0.421829
0.41771
0.41228
0.405592
0.397709
0.388705
0.378665
0.367679
0.355845
0.343268
0.330053
0.31631
0.30215
0.28768
0.273008
0.258237
0.243468
0.228793
0.2143
0.200069
0.186172
0.172674
0.159631
0.147091
0.135093
0.123667
0.112838
0.10262
0.0930218
0.0840455
0.0756869
0.0679364
0.06078
0.0541994
0.048173
0.0426764
0.0376831
0.0331651
0.0290931
0.0254374
0.0221682
0.0192557
0.0166711
0.014386
0.0123735
0.0106075
0.0090638
0.0077193
0.00655266
0.00554408
0.00467534
0.00392979
0.0032923
0.00274918
0.00228815
0.00189822
0.00156963
0.00129374
0.00106296
0.000870647
0.000711003
0.000579022
0.000470386
0.000381402
0.000308927
0.000250308
0.000203328
0.000166151
0.000137285
0.00011554
0.0001
9.00011e-05
8.51085e-05
