3711.99
3685.63
3654.67
3619.23
3579.45
3535.45
3487.41
3435.51
3379.92
3320.84
3258.5
3193.09
3124.86
3054.04
2980.86
2905.57
2828.42
2749.64
2669.5
2588.23
2506.08
2423.29
2340.09
2256.71
2173.38
2090.31
2007.7
1925.75
1844.66
1764.58
1685.7
1608.15
1532.09
1457.64
1384.91
1314.02
1245.05
1178.09
1113.2
1050.45
989.864
931.492
875.354
821.463
769.825
720.434
673.278
628.334
585.576
544.967
506.467
470.03
435.604
403.135
372.562
343.824
316.857
291.593
267.965
245.903
225.339
206.202
188.422
171.93
156.658
142.54
129.508
117.5
106.452
96.3048
86.9995
78.4803
70.6931
63.5868
57.112
51.2223
45.8733
41.0231
36.6324
32.664
29.0829
25.8565
22.9544
20.3482
18.0113
15.9194
14.0496
12.3812
10.8948
9.57257
8.39836
7.35722
6.43556
5.62096
4.90213
4.26884
3.71178
3.22257
2.79363
2.41813
2.08994
1.80357
1.55408
1.33707
1.14861
0.985214
0.843773
0.721534
0.616059
0.525196
0.447047
0.379941
0.32241
0.273169
0.231089
0.195189
0.16461
0.138606
0.116528
0.0978133
0.0819761
0.0685955
0.0573088
0.0478039
0.0398127
0.0331049
0.0274838
0.022781
0.0188529
0.0155773
0.0128503
0.0105838
0.0087031
0.00714513
0.00585663
0.00479278
0.00391584
0.0031942
0.00260133
0.00211506
0.0017169
0.00139143
0.00112581
0.000909414
0.000733408
0.000590495
0.000474649
0.000380902
0.000305166
0.000244085
0.000194906
0.000155377
0.000123659
9.82516e-05
7.79341e-05
6.17146e-05
4.87886e-05
3.85051e-05
3.0338e-05
2.38628e-05
1.87378e-05
1.46886e-05
1.14949e-05
8.98024e-06
7.00374e-06
5.45291e-06
4.23821e-06
3.28844e-06
2.54712e-06
1.96951e-06
1.52026e-06
1.17145e-06
9.01103e-07
6.91942e-07
5.30404e-07
4.05868e-07
3.10028e-07
2.36404e-07
1.79946e-07
1.3673e-07
1.0371e-07
7.85243e-08
5.93495e-08
4.47772e-08
3.37227e-08
2.53518e-08
1.90247e-08
1.42511e-08
1.0656e-08
7.95346e-09
5.9256e-09
4.40678e-09
3.2713e-09
2.42398e-09
1.79284e-09
1.32361e-09
9.75401e-10
7.17474e-10
5.26778e-10
3.86053e-10
2.82398e-10
2.06191e-10
1.50268e-10
1.09309e-10
7.93652e-11
5.75163e-11
4.16039e-11
3.00372e-11
2.16453e-11
1.55684e-11
1.11764e-11
8.00809e-12
5.72702e-12
4.08788e-12
2.91228e-12
2.07077e-12
1.46959e-12
1.04092e-12
7.35864e-13
5.19199e-13
3.65614e-13
2.56959e-13
1.80241e-13
1.2618e-13
8.81605e-14
6.14749e-14
4.27821e-14
2.97142e-14
2.05969e-14
1.42486e-14
9.83726e-15
6.77804e-15
4.66079e-15
3.19845e-15
2.19048e-15
1.49713e-15
1.02116e-15
6.95096e-16
4.72178e-16
3.20093e-16
2.16547e-16
1.46195e-16
9.84948e-17
6.62207e-17
4.44293e-17
2.97468e-17
1.98747e-17
1.3251e-17
8.81625e-18
5.85331e-18
3.87792e-18
2.56374e-18
1.69131e-18
1.11339e-18
7.31372e-19
4.79398e-19
3.13558e-19
2.04645e-19
1.33273e-19
8.66036e-20
5.61544e-20
3.63313e-20
2.34544e-20
1.51082e-20
9.71045e-21
6.22737e-21
3.98477e-21
2.5441e-21
1.62067e-21
1.0301e-21
6.53258e-22
4.13343e-22
2.60947e-22
1.64364e-22
1.03293e-22
6.47649e-23
4.05147e-23
2.52863e-23
1.57454e-23
9.78174e-24
6.06273e-24
3.74892e-24
2.31274e-24
1.4234e-24
8.73986e-25
5.3537e-25
3.27169e-25
1.9946e-25
1.21311e-25
7.36047e-26
4.45517e-26
2.69014e-26
1.62044e-26
9.73717e-27
5.83678e-27
3.4902e-27
2.0819e-27
1.23879e-27
7.35293e-28
4.35355e-28
2.57125e-28
1.51481e-28
8.90183e-29
5.21802e-29
3.05094e-29
1.77933e-29
1.03508e-29
6.00592e-30
3.47591e-30
2.00649e-30
1.15527e-30
6.63437e-31
3.79999e-31
2.17084e-31
1.2369e-31
7.02896e-32
3.98381e-32
2.25191e-32
1.26953e-32
7.13789e-33
4.00247e-33
2.23827e-33
1.2483e-33
6.94292e-34
3.85103e-34
2.13019e-34
1.17506e-34
6.46401e-35
3.54597e-35
1.93979e-35
1.05817e-35
5.75618e-36
3.12237e-36
1.68889e-36
9.10914e-37
4.89903e-37
2.6272e-37
1.40482e-37
7.49012e-38
3.98189e-38
2.11066e-38
1.1155e-38
5.87812e-39
3.08828e-39
1.61771e-39
8.44853e-40
4.39896e-40
2.2835e-40
1.18173e-40
6.09691e-41
3.13541e-41
1.60715e-41
8.20881e-42
4.18007e-42
2.11596e-42
1.06919e-42
5.33895e-43
2.62043e-43
1.30321e-43
5.88545e-44
2.8026e-44
1.12104e-44
4.2039e-45
2.8026e-45
2.8026e-45
2.8026e-45
2.8026e-45
2.8026e-45
2.8026e-45
2.8026e-45
2.8026e-45
2.8026e-45
2.8026e-45
2.8026e-45
2.8026e-45
2.8026e-45
2.8026e-45
2.8026e-45
2.8026e-45
2.8026e-45
2.8026e-45
2.8026e-45
2.8026e-45
2.8026e-45
2.8026e-45
2.8026e-45
2.8026e-45
2.8026e-45
2.8026e-45
2.8026e-45
2.8026e-45
2.8026e-45
2.8026e-45
2.8026e-45
2.8026e-45
2.8026e-45
2.8026e-45
2.8026e-45
2.8026e-45
2.8026e-45
2.8026e-45
2.8026e-45
2.8026e-45
2.8026e-45
2.8026e-45
2.8026e-45
2.8026e-45
2.8026e-45
2.8026e-45
2.8026e-45
2.8026e-45
2.8026e-45
2.8026e-45
2.8026e-45
2.8026e-45
2.8026e-45
2.8026e-45
2.8026e-45
2.8026e-45
2.8026e-45
2.8026e-45
2.8026e-45
2.8026e-45
2.8026e-45
2.8026e-45
2.8026e-45
2.8026e-45
2.8026e-45
2.8026e-45
2.8026e-45
2.8026e-45
2.8026e-45
2.8026e-45
2.8026e-45
2.8026e-45
2.8026e-45
2.8026e-45
2.8026e-45
2.8026e-45
2.8026e-45
2.8026e-45
2.8026e-45
2.8026e-45
2.8026e-45
2.8026e-45
2.8026e-45
2.8026e-45
2.8026e-45
2.8026e-45
2.8026e-45
2.8026e-45
2.8026e-45
2.8026e-45
2.8026e-45
2.8026e-45
2.8026e-45
2.8026e-45
2.8026e-45
2.8026e-45
2.8026e-45
2.8026e-45
2.8026e-45
2.8026e-45
2.8026e-45
2.8026e-45
2.8026e-45
2.8026e-45
2.8026e-45
2.8026e-45
2.8026e-45
2.8026e-45
2.8026e-45
2.8026e-45
2.8026e-45
2.8026e-45
2.8026e-45
2.8026e-45
2.8026e-45
2.8026e-45
2.8026e-45
2.8026e-45
2.8026e-45
2.8026e-45
2.8026e-45
2.8026e-45
2.8026e-45
2.8026e-45
2.8026e-45
2.8026e-45
2.8026e-45
2.8026e-45
2.8026e-45
2.8026e-45
2.8026e-45
2.8026e-45
2.8026e-45
2.8026e-45
2.8026e-45
2.8026e-45
2.8026e-45
2.8026e-45
2.8026e-45
2.8026e-45
2.8026e-45
2.8026e-45
2.8026e-45
2.8026e-45
2.8026e-45
2.8026e-45
2.8026e-45
2.8026e-45
2.8026e-45
2.8026e-45
2.8026e-45
2.8026e-45
2.8026e-45
2.8026e-45
2.8026e-45
2.8026e-45
2.8026e-45
2.8026e-45
2.8026e-45
2.8026e-45
2.8026e-45
2.8026e-45
2.8026e-45
2.8026e-45
4.2039e-45
4.2039e-45
4.2039e-45
4.2039e-45
4.2039e-45
4.2039e-45
4.2039e-45
4.2039e-45
4.2039e-45
4.2039e-45
4.2039e-45
4.2039e-45
4.2039e-45
4.2039e-45
4.2039e-45
4.2039e-45
4.2039e-45
4.2039e-45
4.2039e-45
4.2039e-45
4.2039e-45
4.2039e-45
4.2039e-45
4.2039e-45
4.2039e-45
4.2039e-45
4.2039e-45
4.2039e-45
4.2039e-45
5.60519e-45
7.00649e-45
1.26117e-44
2.10195e-44
3.50325e-44
5.88545e-44
9.80909e-44
1.58347e-43
2.5924e-43
4.17587e-43
6.74025e-43
1.0804e-42
1.73481e-42
2.77037e-42
4.4225e-42
7.04433e-42
1.1216e-41
1.78357e-41
2.83329e-41
4.49593e-41
7.12728e-41
1.12868e-40
1.78559e-40
2.822e-40
4.45555e-40
7.02764e-40
1.10735e-39
1.74312e-39
2.74118e-39
4.30642e-39
6.75869e-39
1.05968e-38
1.6598e-38
2.5972e-38
4.05997e-38
6.34025e-38
9.8914e-38
1.54162e-37
2.40028e-37
3.7335e-37
5.80144e-37
9.00582e-37
1.39662e-36
2.16371e-36
3.34878e-36
5.17774e-36
7.99763e-36
1.2341e-35
1.9024e-35
2.9297e-35
4.50722e-35
6.92726e-35
1.0636e-34
1.63141e-34
2.49985e-34
3.82674e-34
5.85208e-34
8.9404e-34
1.36449e-33
2.0804e-33
3.16875e-33
4.82165e-33
7.3294e-33
1.11303e-32
1.68852e-32
2.55902e-32
3.8744e-32
5.86003e-32
8.85441e-32
1.33655e-31
2.01545e-31
3.03615e-31
4.56919e-31
6.86939e-31
1.03172e-30
1.54799e-30
2.32026e-30
3.47432e-30
5.19716e-30
7.76649e-30
1.15943e-29
1.72914e-29
2.57619e-29
3.83431e-29
5.70111e-29
8.46825e-29
1.25658e-28
1.86272e-28
2.75847e-28
4.08084e-28
6.03105e-28
8.90426e-28
1.3133e-27
1.93504e-27
2.84826e-27
4.18821e-27
6.1523e-27
9.02835e-27
1.32355e-26
1.93834e-26
2.83584e-26
4.1447e-26
6.05152e-26
8.82664e-26
1.28613e-25
1.87213e-25
2.72236e-25
3.95471e-25
5.73908e-25
8.3201e-25
1.20496e-24
1.74332e-24
2.51965e-24
3.63798e-24
5.24733e-24
7.56093e-24
1.08835e-23
1.56503e-23
2.24818e-23
3.22625e-23
4.6251e-23
6.62372e-23
9.47632e-23
1.35436e-22
1.93368e-22
2.75799e-22
3.92966e-22
5.59339e-22
7.95335e-22
1.12975e-21
1.60312e-21
2.27253e-21
3.21814e-21
4.55258e-21
6.43374e-21
9.08291e-21
1.28097e-20
1.80472e-20
2.54e-20
3.57118e-20
5.01584e-20
7.03767e-20
9.86432e-20
1.38121e-19
1.93198e-19
2.69961e-19
3.76835e-19
5.25477e-19
7.31996e-19
1.01863e-18
1.41604e-18
1.96646e-18
2.72801e-18
3.78059e-18
5.23388e-18
7.23834e-18
1.00001e-17
1.38013e-17
1.90278e-17
2.62062e-17
3.60555e-17
4.9555e-17
6.80383e-17
9.33187e-17
1.27859e-16
1.75003e-16
2.39281e-16
3.26827e-16
4.4594e-16
6.07832e-16
8.27633e-16
1.12574e-15
1.52964e-15
2.07628e-15
2.81533e-15
3.81346e-15
5.16008e-15
6.97493e-15
9.41822e-15
1.27041e-14
1.71185e-14
2.30426e-14
3.09844e-14
4.16197e-14
5.58471e-14
7.48593e-14
1.00239e-13
1.34082e-13
1.79163e-13
2.39149e-13
3.18885e-13
4.24759e-13
5.65188e-13
7.51254e-13
9.97522e-13
1.32312e-12
1.75316e-12
2.3205e-12
3.06821e-12
4.05256e-12
5.34706e-12
7.0476e-12
9.27914e-12
1.22043e-11
1.60347e-11
2.10449e-11
2.75914e-11
3.61359e-11
4.72762e-11
6.17853e-11
8.06615e-11
1.05193e-10
1.37039e-10
1.78336e-10
2.3183e-10
3.01051e-10
3.90523e-10
5.06045e-10
6.55041e-10
8.47e-10
1.09404e-09
1.41163e-09
1.81946e-09
2.34261e-09
3.01295e-09
3.87095e-09
4.96795e-09
6.369e-09
8.15641e-09
1.04342e-08
1.33338e-08
1.70208e-08
2.1704e-08
2.76459e-08
3.51766e-08
4.47104e-08
5.67669e-08
7.19966e-08
9.12137e-08
1.15435e-07
1.45931e-07
1.84283e-07
2.32462e-07
2.9292e-07
3.68702e-07
4.63586e-07
5.82254e-07
7.30506e-07
9.15508e-07
1.14612e-06
1.43325e-06
1.79036e-06
2.23402e-06
2.78459e-06
3.46704e-06
4.31204e-06
5.35713e-06
6.64824e-06
8.24148e-06
1.02054e-05
1.26234e-05
1.55972e-05
1.92504e-05
2.37332e-05
2.92278e-05
3.59548e-05
4.41816e-05
5.42308e-05
6.64925e-05
8.14368e-05
9.96297e-05
0.000121752
0.000148623
0.000181223
0.00022073
0.000268552
0.000326372
0.000396201
0.000480437
0.000581936
0.000704094
0.000850949
0.00102729
0.00123879
0.00149217
0.00179537
0.00215778
0.00259043
0.00310637
0.00372089
0.004452
0.00532079
0.00635199
0.00757454
0.00902225
0.0107346
0.0127575
0.0151446
0.0179582
0.0212704
0.0251651
0.0297393
0.0351053
0.0413926
0.0487508
0.0573519
0.0673941
0.0791048
0.092745
0.108614
0.127053
0.148453
0.173261
0.201983
0.235199
0.273564
0.317823
0.36882
0.427511
0.494974
0.572425
0.661236
0.762948
0.879295
1.01222
1.16389
1.33675
1.53352
1.75721
2.01121
2.29927
2.62553
2.99462
3.41164
3.88222
4.41258
5.00956
5.68069
6.43424
7.27924
8.22561
9.28417
10.4667
11.7861
13.2562
14.8922
16.7105
18.7289
20.9663
23.4434
26.1823
29.2068
32.5422
36.2157
40.2563
44.6947
49.5638
54.8982
60.7345
67.1116
74.0701
81.6529
89.9048
98.8727
108.605
119.154
130.57
142.909
156.227
170.582
186.031
202.637
220.459
239.56
260.002
281.848
305.162
330.004
356.437
384.521
414.315
445.875
479.258
514.513
551.689
590.831
631.978
675.166
720.423
767.773
817.234
868.814
922.516
978.334
1036.25
1096.25
1158.29
1222.33
1288.32
1356.2
1425.88
1497.28
1570.31
1644.86
1720.8
1798.01
1876.34
1955.64
2035.75
2116.48
2197.67
2279.11
2360.61
2441.94
2522.91
2603.27
2682.82
2761.3
2838.49
2914.15
2988.04
3059.91
3129.55
3196.69
3261.13
3322.63
3380.97
3435.94
3487.35
3535.0
3578.7
3618.3
3653.64
3684.59
3711.01
3732.8
3749.88
3762.17
3769.62
3772.19
3769.87
3762.65
3750.57
3733.67
