0.00126951
0.00129544
0.00134765
0.00142681
0.00153395
0.00167043
0.00183797
0.00203865
0.0022749
0.00254952
0.00286571
0.00322702
0.0036374
0.0041012
0.00462317
0.00520846
0.00586264
0.00659166
0.0074019
0.00830014
0.00929355
0.0103897
0.0115964
0.0129221
0.0143752
0.0159647
0.0176997
0.0195895
0.0216436
0.0238717
0.0262834
0.0288884
0.0316961
0.034716
0.0379573
0.0414286
0.0451384
0.0490943
0.0533035
0.0577724
0.0625063
0.0675098
0.0727863
0.0783379
0.0841653
0.0902681
0.096644
0.103289
0.110198
0.117364
0.124776
0.132425
0.140297
0.148377
0.156648
0.16509
0.173684
0.182405
0.191229
0.200129
0.209077
0.218043
0.226997
0.235904
0.244733
0.253448
0.262015
0.270397
0.27856
0.286468
0.294085
0.301377
0.308309
0.31485
0.320968
0.326633
0.331816
0.336493
0.340639
0.344233
0.347257
0.349696
0.351536
0.352768
0.353386
0.353386
0.352768
0.351536
0.349696
0.347257
0.344233
0.340639
0.336493
0.331816
0.326633
0.320968
0.31485
0.308309
0.301377
0.294085
0.286468
0.27856
0.270397
0.262015
0.253448
0.244733
0.235904
0.226997
0.218043
0.209077
0.200129
0.191229
0.182405
0.173684
0.16509
0.156648
0.148377
0.140297
0.132425
0.124776
0.117364
0.110198
0.103289
0.096644
0.0902681
0.0841653
0.0783379
0.0727863
0.0675098
0.0625063
0.0577724
0.0533035
0.0490943
0.0451384
0.0414286
0.0379573
0.034716
0.0316961
0.0288884
0.0262834
0.0238717
0.0216436
0.0195895
0.0176997
0.0159647
0.0143752
0.0129221
0.0115964
0.0103897
0.00929355
0.00830014
0.0074019
0.00659166
0.00586264
0.00520846
0.00462317
0.0041012
0.0036374
0.00322702
0.00286571
0.00254952
0.0022749
0.00203865
0.00183797
0.00167043
0.00153395
0.00142681
0.00134765
0.00129544
0.00126951
