0.017734
0.0178291
0.0180193
0.018305
0.0186865
0.0191643
0.019739
0.0204112
0.0211818
0.0220516
0.0230217
0.024093
0.0252666
0.0265436
0.0279253
0.0294128
0.0310072
0.0327097
0.0345215
0.0364436
0.038477
0.0406226
0.0428813
0.0452536
0.0477402
0.0503414
0.0530574
0.0558881
0.0588333
0.0618925
0.0650649
0.0683495
0.071745
0.0752497
0.0788615
0.0825783
0.0863973
0.0903155
0.0943294
0.0984353
0.102629
0.106906
0.111261
0.115688
0.120183
0.124739
0.129349
0.134006
0.138703
0.143432
0.148186
0.152956
0.157734
0.162509
0.167274
0.172019
0.176734
0.18141
0.186035
0.190602
0.195099
0.199515
0.203842
0.208069
0.212185
0.216182
0.220048
0.223774
0.227352
0.230771
0.234024
0.2371
0.239994
0.242696
0.2452
0.247498
0.249586
0.251456
0.253103
0.254524
0.255715
0.256671
0.25739
0.257871
0.258112
0.258112
0.257871
0.25739
0.256671
0.255715
0.254524
0.253103
0.251456
0.249586
0.247498
0.2452
0.242696
0.239994
0.2371
0.234024
0.230771
0.227352
0.223774
0.220048
0.216182
0.212185
0.208069
0.203842
0.199515
0.195099
0.190602
0.186035
0.18141
0.176734
0.172019
0.167274
0.162509
0.157734
0.152956
0.148186
0.143432
0.138703
0.134006
0.129349
0.124739
0.120183
0.115688
0.111261
0.106906
0.102629
0.0984353
0.0943294
0.0903155
0.0863973
0.0825783
0.0788615
0.0752497
0.071745
0.0683495
0.0650649
0.0618925
0.0588333
0.0558881
0.0530574
0.0503414
0.0477402
0.0452536
0.0428813
0.0406226
0.038477
0.0364436
0.0345215
0.0327097
0.0310072
0.0294128
0.0279253
0.0265436
0.0252666
0.024093
0.0230217
0.0220516
0.0211818
0.0204112
0.019739
0.0191643
0.0186865
0.018305
0.0180193
0.0178291
0.017734
