1.16485e-07
9.14519e-08
7.16386e-08
5.59928e-08
4.36661e-08
3.39767e-08
2.63779e-08
2.04323e-08
1.57911e-08
1.21764e-08
9.36777e-09
7.19055e-09
5.50671e-09
4.20751e-09
3.20742e-09
2.4394e-09
1.85099e-09
1.40125e-09
1.05831e-09
7.97434e-10
5.99456e-10
4.49571e-10
3.36367e-10
2.51074e-10
1.86964e-10
1.38892e-10
1.02935e-10
7.61033e-11
5.61308e-11
4.13001e-11
3.03145e-11
2.2197e-11
1.62137e-11
1.18143e-11
8.58757e-12
6.22678e-12
4.50387e-12
3.24963e-12
2.33885e-12
1.67915e-12
1.20252e-12
8.59021e-13
6.12102e-13
4.35057e-13
3.08439e-13
2.18116e-13
1.53851e-13
1.08243e-13
7.59598e-14
5.31679e-14
3.71186e-14
2.58468e-14
1.79511e-14
1.24348e-14
8.59112e-15
5.91993e-15
4.06852e-15
2.78872e-15
1.90642e-15
1.29978e-15
8.83813e-16
5.99351e-16
4.0535e-16
2.73402e-16
1.83904e-16
1.23366e-16
8.25297e-17
5.50592e-17
3.66311e-17
2.43033e-17
1.60795e-17
1.06088e-17
6.97981e-18
4.57928e-18
2.99587e-18
1.95442e-18
1.27137e-18
8.24683e-19
5.33401e-19
3.44008e-19
2.2122e-19
1.41847e-19
9.06871e-20
5.78095e-20
3.6743e-20
2.32844e-20
1.47119e-20
9.26779e-21
5.82082e-21
3.64491e-21
2.27551e-21
1.41629e-21
8.7883e-22
5.43661e-22
3.35288e-22
2.06142e-22
1.26349e-22
7.72008e-23
4.70235e-23
2.85525e-23
1.72824e-23
1.04276e-23
6.27168e-24
3.76005e-24
2.24702e-24
1.3385e-24
7.94731e-25
4.70334e-25
2.77441e-25
1.63119e-25
9.55882e-26
5.58289e-26
3.24986e-26
1.88544e-26
1.09018e-26
6.28215e-27
3.60779e-27
2.06484e-27
1.17771e-27
6.69406e-28
3.79168e-28
2.1402e-28
1.2038e-28
6.74716e-29
3.76831e-29
2.09712e-29
1.1629e-29
6.42531e-30
3.53731e-30
1.9403e-30
1.06041e-30
5.77404e-31
3.1324e-31
1.69299e-31
9.11606e-32
4.89015e-32
2.61332e-32
1.39126e-32
7.37838e-33
3.89797e-33
2.05132e-33
1.07531e-33
5.61478e-34
2.92023e-34
1.51279e-34
7.80555e-35
4.01131e-35
2.05311e-35
1.04658e-35
5.31321e-36
2.68629e-36
1.35254e-36
6.78164e-37
3.38609e-37
1.68356e-37
8.33513e-38
4.10902e-38
2.01695e-38
9.85757e-39
4.79678e-39
2.32392e-39
1.12092e-39
5.38261e-40
2.57313e-40
1.22454e-40
5.80082e-41
2.73547e-41
1.28387e-41
5.99475e-42
2.78718e-42
1.28779e-42
5.89947e-43
2.70451e-43
1.21913e-43
5.1848e-44
2.38221e-44
8.40779e-45
2.8026e-45
2.8026e-45
2.8026e-45
2.8026e-45
2.8026e-45
2.8026e-45
2.8026e-45
2.8026e-45
2.8026e-45
2.8026e-45
2.8026e-45
2.8026e-45
2.8026e-45
2.8026e-45
2.8026e-45
2.8026e-45
2.8026e-45
2.8026e-45
2.8026e-45
2.8026e-45
2.8026e-45
2.8026e-45
2.8026e-45
2.8026e-45
2.8026e-45
2.8026e-45
2.8026e-45
2.8026e-45
2.8026e-45
2.8026e-45
2.8026e-45
2.8026e-45
2.8026e-45
2.8026e-45
2.8026e-45
2.8026e-45
2.8026e-45
2.8026e-45
2.8026e-45
2.8026e-45
2.8026e-45
2.8026e-45
2.8026e-45
2.8026e-45
2.8026e-45
2.8026e-45
2.8026e-45
2.8026e-45
2.8026e-45
2.8026e-45
2.8026e-45
2.8026e-45
2.8026e-45
2.8026e-45
2.8026e-45
2.8026e-45
2.8026e-45
2.8026e-45
2.8026e-45
2.8026e-45
2.8026e-45
2.8026e-45
2.8026e-45
2.8026e-45
2.8026e-45
2.8026e-45
2.8026e-45
2.8026e-45
2.8026e-45
2.8026e-45
2.8026e-45
2.8026e-45
2.8026e-45
2.8026e-45
2.8026e-45
2.8026e-45
2.8026e-45
2.8026e-45
2.8026e-45
2.8026e-45
2.8026e-45
2.8026e-45
2.8026e-45
2.8026e-45
2.8026e-45
2.8026e-45
2.8026e-45
2.8026e-45
2.8026e-45
2.8026e-45
2.8026e-45
2.8026e-45
2.8026e-45
2.8026e-45
2.8026e-45
2.8026e-45
2.8026e-45
2.8026e-45
2.8026e-45
2.8026e-45
2.8026e-45
2.8026e-45
2.8026e-45
2.8026e-45
2.8026e-45
2.8026e-45
2.8026e-45
2.8026e-45
2.8026e-45
2.8026e-45
2.8026e-45
2.8026e-45
2.8026e-45
2.8026e-45
2.8026e-45
2.8026e-45
2.8026e-45
2.8026e-45
2.8026e-45
2.8026e-45
2.8026e-45
2.8026e-45
2.8026e-45
2.8026e-45
2.8026e-45
2.8026e-45
2.8026e-45
2.8026e-45
2.8026e-45
2.8026e-45
2.8026e-45
2.8026e-45
2.8026e-45
2.8026e-45
2.8026e-45
2.8026e-45
2.8026e-45
2.8026e-45
2.8026e-45
2.8026e-45
2.8026e-45
2.8026e-45
2.8026e-45
2.8026e-45
2.8026e-45
0.0
0.0
0.0
0.0
0.0
0.0
0.0
0.0
0.0
0.0
0.0
0.0
0.0
0.0
0.0
0.0
0.0
0.0
0.0
0.0
0.0
0.0
0.0
0.0
0.0
0.0
0.0
0.0
0.0
0.0
0.0
0.0
0.0
0.0
0.0
0.0
0.0
0.0
0.0
0.0
0.0
0.0
0.0
0.0
0.0
0.0
0.0
0.0
0.0
0.0
0.0
0.0
0.0
0.0
0.0
0.0
0.0
0.0
0.0
0.0
0.0
0.0
0.0
0.0
0.0
0.0
0.0
0.0
0.0
0.0
0.0
0.0
0.0
0.0
0.0
0.0
0.0
0.0
0.0
0.0
0.0
0.0
0.0
0.0
0.0
0.0
0.0
0.0
0.0
0.0
0.0
0.0
0.0
0.0
0.0
0.0
0.0
0.0
0.0
0.0
0.0
0.0
0.0
0.0
0.0
0.0
0.0
0.0
0.0
0.0
0.0
0.0
0.0
0.0
0.0
0.0
0.0
0.0
0.0
0.0
0.0
0.0
0.0
0.0
0.0
0.0
0.0
0.0
0.0
0.0
0.0
0.0
0.0
0.0
0.0
0.0
0.0
0.0
0.0
0.0
0.0
0.0
0.0
0.0
0.0
0.0
0.0
0.0
0.0
0.0
0.0
0.0
0.0
0.0
0.0
0.0
0.0
0.0
0.0
0.0
0.0
0.0
0.0
0.0
0.0
0.0
0.0
0.0
0.0
0.0
0.0
0.0
0.0
0.0
0.0
0.0
0.0
0.0
0.0
0.0
0.0
0.0
0.0
0.0
2.8026e-45
5.60519e-45
8.40779e-45
1.4013e-44
2.38221e-44
4.06377e-44
6.72623e-44
1.10703e-43
1.86373e-43
3.1249e-43
5.22684e-43
8.68805e-43
1.44474e-42
2.39762e-42
3.97548e-42
6.5861e-42
1.08923e-41
1.79941e-41
2.96879e-41
4.89179e-41
8.04976e-41
1.32292e-40
2.17135e-40
3.55931e-40
5.82692e-40
9.52688e-40
1.55561e-39
2.53681e-39
4.13157e-39
6.72017e-39
1.09165e-38
1.77102e-38
2.86948e-38
4.64322e-38
7.50367e-38
1.21106e-37
1.95207e-37
3.1424e-37
5.05203e-37
8.11162e-37
1.30073e-36
2.08306e-36
3.33161e-36
5.32161e-36
8.48925e-36
1.35248e-35
2.15194e-35
3.41952e-35
5.42672e-35
8.60091e-35
1.36141e-34
2.15212e-34
3.39768e-34
5.35713e-34
8.43565e-34
1.3266e-33
2.08351e-33
3.26804e-33
5.11933e-33
8.00892e-33
1.25132e-32
1.95254e-32
3.04273e-32
4.73546e-32
7.36028e-32
1.14251e-31
1.77117e-31
2.74217e-31
4.23995e-31
6.54727e-31
1.0097e-30
1.5551e-30
2.39198e-30
3.67442e-30
5.63705e-30
8.63669e-30
1.32152e-29
2.01946e-29
3.08195e-29
4.6973e-29
7.14993e-29
1.08689e-28
1.65007e-28
2.50178e-28
3.78814e-28
5.7284e-28
8.6511e-28
1.30478e-27
1.96533e-27
2.9564e-27
4.44139e-27
6.66353e-27
9.98432e-27
1.49404e-26
2.23271e-26
3.33221e-26
4.96662e-26
7.39293e-26
1.09901e-25
1.63159e-25
2.41907e-25
3.5819e-25
5.2967e-25
7.8221e-25
1.15363e-24
1.69918e-24
2.4994e-24
3.67162e-24
5.38647e-24
7.89181e-24
1.15471e-23
1.68731e-23
2.46231e-23
3.5885e-23
5.22284e-23
7.59145e-23
1.10196e-22
1.59746e-22
2.31269e-22
3.3437e-22
4.82791e-22
6.96166e-22
1.00251e-21
1.44174e-21
2.07064e-21
2.96991e-21
4.25406e-21
6.08533e-21
8.6933e-21
1.24024e-20
1.76703e-20
2.51422e-20
3.57258e-20
5.06966e-20
7.18446e-20
1.01678e-19
1.43707e-19
2.02836e-19
2.85911e-19
4.0247e-19
5.65786e-19
7.94305e-19
1.11362e-18
1.55921e-18
2.18015e-18
3.04427e-18
4.24517e-18
5.91181e-18
8.22167e-18
1.14186e-17
1.58372e-17
2.19361e-17
3.03425e-17
4.19137e-17
5.78192e-17
7.96526e-17
1.09582e-16
1.50553e-16
2.06562e-16
2.83022e-16
3.87259e-16
5.29166e-16
7.2209e-16
9.8401e-16
1.33911e-15
1.81987e-15
2.46986e-15
3.34744e-15
4.53063e-15
6.12367e-15
8.26553e-15
1.11413e-14
1.4997e-14
2.01596e-14
2.70621e-14
3.62781e-14
4.8566e-14
6.49268e-14
8.66798e-14
1.15562e-13
1.53856e-13
2.04557e-13
2.71592e-13
3.60098e-13
4.76787e-13
6.30417e-13
8.32399e-13
1.09758e-12
1.44523e-12
1.90036e-12
2.49537e-12
3.27212e-12
4.28472e-12
5.60289e-12
7.3164e-12
9.54068e-12
1.24238e-11
1.61558e-11
2.09794e-11
2.72053e-11
3.52296e-11
4.55569e-11
5.88293e-11
7.58621e-11
9.76894e-11
1.25621e-10
1.61312e-10
2.06853e-10
2.64878e-10
3.38704e-10
4.32497e-10
5.51486e-10
7.0222e-10
8.92893e-10
1.13374e-09
1.43751e-09
1.8201e-09
2.30126e-09
2.9055e-09
3.6632e-09
4.61194e-09
5.79815e-09
7.27911e-09
9.12534e-09
1.14236e-08
1.42802e-08
1.78258e-08
2.22199e-08
2.76577e-08
3.4377e-08
4.26677e-08
5.2882e-08
6.54476e-08
8.08828e-08
9.98147e-08
1.23001e-07
1.51355e-07
1.85978e-07
2.28191e-07
2.79582e-07
3.42053e-07
4.17877e-07
5.09772e-07
6.20975e-07
7.55339e-07
9.17445e-07
1.11272e-06
1.34761e-06
1.6297e-06
1.96797e-06
2.37299e-06
2.85719e-06
3.43517e-06
4.12403e-06
4.94379e-06
5.91782e-06
7.07337e-06
8.44216e-06
1.0061e-05
1.19727e-05
1.42266e-05
1.688e-05
1.99986e-05
2.36585e-05
2.79468e-05
3.29635e-05
3.88233e-05
4.56568e-05
5.36136e-05
6.28634e-05
7.35995e-05
8.60409e-05
0.000100435
0.000117063
0.00013624
0.000158321
0.000183706
0.000212842
0.000246228
0.000284424
0.00032805
0.000377799
0.000434437
0.000498811
0.00057186
0.000654615
0.000748212
0.000853895
0.000973028
0.0011071
0.00125772
0.00142667
0.00161584
0.0018273
0.00206328
0.00232616
0.00261853
0.00294312
0.00330288
0.00370091
0.00414052
0.00462522
0.00515868
0.00574479
0.00638759
0.00709133
0.00786039
0.00869933
0.00961284
0.0106058
0.011683
0.0128496
0.0141106
0.0154711
0.0169362
0.018511
0.0202004
0.0220094
0.0239426
0.0260046
0.0281996
0.0305315
0.0330039
0.03562
0.0383825
0.0412935
0.0443545
0.0475666
0.0509299
0.0544439
0.0581072
0.0619177
0.0658721
0.0699666
0.074196
0.0785543
0.0830344
0.0876282
0.0923265
0.0971192
0.101995
0.106941
0.111945
0.116992
0.122067
0.127154
0.132236
0.137296
0.142315
0.147275
0.152157
0.156942
0.16161
0.166142
0.170518
0.174718
0.178725
0.182519
0.186083
0.1894
0.192453
0.195229
0.197712
0.199891
0.201753
0.20329
0.204493
0.205355
0.205871
0.206039
0.205856
0.205324
0.204444
0.20322
0.201658
0.199766
0.197551
0.195026
0.192201
0.18909
0.185709
0.182072
0.178198
0.174103
0.169806
0.165326
0.160684
0.155899
0.150992
0.145983
0.140892
0.135739
0.130544
0.125326
0.120103
0.114894
0.109716
0.104584
0.0995151
0.0945225
0.0896198
0.084819
0.0801312
0.0755662
0.0711329
0.0668387
0.06269
0.0586923
0.0548497
0.0511654
0.0476416
0.0442794
0.0410791
0.0380403
0.0351615
0.0324407
0.0298753
0.0274618
0.0251966
0.0230754
0.0210934
0.0192457
0.0175271
0.0159321
0.0144551
0.0130904
0.0118322
0.0106748
0.00961242
0.00863936
0.00775006
0.00693909
0.00620113
0.00553107
0.00492397
0.0043751
0.00387994
0.0034342
0.00303379
0.00267489
0.00235387
0.00206736
0.00181218
0.0015854
0.00138429
0.00120632
0.00104916
0.000910686
0.000788926
0.000682094
0.00058856
0.000506843
0.000435602
0.000373628
0.00031983
0.000273229
0.000232949
0.000198207
0.000168306
0.000142627
0.00012062
0.000101802
8.57441e-05
7.20717e-05
6.04554e-05
5.06073e-05
4.22762e-05
3.52437e-05
2.93203e-05
2.43419e-05
2.01668e-05
1.6673e-05
1.37556e-05
1.1325e-05
9.30431e-06
7.62807e-06
6.24062e-06
5.09473e-06
4.15043e-06
3.37396e-06
2.73691e-06
2.2154e-06
1.78942e-06
1.44224e-06
1.15992e-06
9.30849e-07
7.45399e-07
5.95599e-07
4.74869e-07
3.77784e-07
2.9989e-07
2.37535e-07
1.87731e-07
1.48042e-07
