7.348e-13
8.07194e-13
9.58587e-13
1.20274e-12
1.56172e-12
2.06773e-12
2.76574e-12
3.71718e-12
5.00484e-12
6.73951e-12
9.06865e-12
1.21878e-11
1.63557e-11
2.19136e-11
2.93108e-11
3.91377e-11
5.21683e-11
6.94157e-11
9.22032e-11
1.22256e-10
1.61819e-10
2.13809e-10
2.82004e-10
3.71296e-10
4.88001e-10
6.4026e-10
8.38545e-10
1.09631e-09
1.43078e-09
1.86401e-09
2.42416e-09
3.14708e-09
4.0784e-09
5.27604e-09
6.81337e-09
8.78318e-09
1.13026e-08
1.45191e-08
1.86181e-08
2.38325e-08
3.04537e-08
3.8846e-08
4.94639e-08
6.28734e-08
7.97777e-08
1.01049e-07
1.27768e-07
1.61267e-07
2.03193e-07
2.55568e-07
3.20879e-07
4.02173e-07
5.03179e-07
6.28447e-07
7.83522e-07
9.75151e-07
1.21152e-06
1.50253e-06
1.86019e-06
2.29893e-06
2.83617e-06
3.49283e-06
4.29398e-06
5.26962e-06
6.45561e-06
7.89464e-06
9.63753e-06
1.17446e-05
1.42872e-05
1.73497e-05
2.10319e-05
2.54508e-05
3.07442e-05
3.70734e-05
4.46272e-05
5.36261e-05
6.43266e-05
7.70272e-05
9.20737e-05
0.000109867
0.000130868
0.000155611
0.000184709
0.000218863
0.000258879
0.000305674
0.000360296
0.000423936
0.000497943
0.000583845
0.000683369
0.000798457
0.000931295
0.00108433
0.00126031
0.00146228
0.00169365
0.00195819
0.00226009
0.00260398
0.00299494
0.00343858
0.00394102
0.00450897
0.00514976
0.00587132
0.00668227
0.00759194
0.00861035
0.0097483
0.0110173
0.0124298
0.0139989
0.0157384
0.0176632
0.0197887
0.0221312
0.0247077
0.027536
0.0306344
0.0340219
0.0377179
0.0417423
0.0461154
0.0508576
0.0559895
0.0615315
0.0675039
0.0739265
0.0808188
0.0881993
0.0960856
0.104494
0.11344
0.122937
0.132996
0.143626
0.154835
0.166628
0.179006
0.191967
0.205506
0.219617
0.234287
0.2495
0.265236
0.281473
0.298182
0.315332
0.332885
0.350802
0.369037
0.387543
0.406265
0.425149
0.444134
0.463156
0.482149
0.501045
0.519773
0.538258
0.556429
0.574208
0.591521
0.608291
0.624446
0.63991
0.654612
0.668482
0.681455
0.693467
0.704459
0.714375
0.723166
0.730788
0.7372
0.742371
0.746273
0.748885
0.750195
0.750195
0.748885
0.746273
0.742371
0.7372
0.730788
0.723166
0.714375
0.704459
0.693467
0.681455
0.668482
0.654612
0.63991
0.624446
0.608291
0.591521
0.574208
0.556429
0.538258
0.519773
0.501045
0.482149
0.463156
0.444134
0.425149
0.406265
0.387543
0.369037
0.350802
0.332885
0.315332
0.298182
0.281473
0.265236
0.2495
0.234287
0.219617
0.205506
0.191967
0.179006
0.166628
0.154835
0.143626
0.132996
0.122937
0.11344
0.104494
0.0960856
0.0881993
0.0808188
0.0739265
0.0675039
0.0615315
0.0559895
0.0508576
0.0461154
0.0417423
0.0377179
0.0340219
0.0306344
0.027536
0.0247077
0.0221312
0.0197887
0.0176632
0.0157384
0.0139989
0.0124298
0.0110173
0.0097483
0.00861035
0.00759194
0.00668227
0.00587132
0.00514976
0.00450897
0.00394102
0.00343858
0.00299494
0.00260398
0.00226009
0.00195819
0.00169365
0.00146228
0.00126031
0.00108433
0.000931295
0.000798457
0.000683369
0.000583845
0.000497943
0.000423936
0.000360296
0.000305674
0.000258879
0.000218863
0.000184709
0.000155611
0.000130868
0.000109867
9.20737e-05
7.70272e-05
6.43266e-05
5.36261e-05
4.46272e-05
3.70734e-05
3.07442e-05
2.54508e-05
2.10319e-05
1.73497e-05
1.42872e-05
1.17446e-05
9.63753e-06
7.89464e-06
6.45561e-06
5.26962e-06
4.29398e-06
3.49283e-06
2.83617e-06
2.29893e-06
1.86019e-06
1.50253e-06
1.21152e-06
9.75151e-07
7.83522e-07
6.28447e-07
5.03179e-07
4.02173e-07
3.20879e-07
2.55568e-07
2.03193e-07
1.61267e-07
1.27768e-07
1.01049e-07
7.97777e-08
6.28734e-08
4.94639e-08
3.8846e-08
3.04537e-08
2.38325e-08
1.86181e-08
1.45191e-08
1.13026e-08
8.78318e-09
6.81337e-09
5.27604e-09
4.0784e-09
3.14708e-09
2.42416e-09
1.86401e-09
1.43078e-09
1.09631e-09
8.38545e-10
6.4026e-10
4.88001e-10
3.71296e-10
2.82004e-10
2.13809e-10
1.61819e-10
1.22256e-10
9.22032e-11
6.94157e-11
5.21683e-11
3.91377e-11
2.93108e-11
2.19136e-11
1.63557e-11
1.21878e-11
9.06865e-12
6.73951e-12
5.00484e-12
3.71718e-12
2.76574e-12
2.06773e-12
1.56172e-12
1.20274e-12
9.58587e-13
8.07194e-13
7.348e-13
