8.77703e-08
9.53993e-08
1.11234e-07
1.36463e-07
1.72965e-07
2.23423e-07
2.91489e-07
3.82007e-07
5.01297e-07
6.57525e-07
8.61161e-07
1.12556e-06
1.46767e-06
1.90895e-06
2.47641e-06
3.20399e-06
4.13418e-06
5.31996e-06
6.82726e-06
8.73778e-06
1.11525e-05
1.41957e-05
1.80202e-05
2.28127e-05
2.88011e-05
3.62625e-05
4.55327e-05
5.7017e-05
7.12036e-05
8.86781e-05
0.000110141
0.000136426
0.000168524
0.000207609
0.000255064
0.000312513
0.000381862
0.000465333
0.000565509
0.000685385
0.000828416
0.000998578
0.00120042
0.00143916
0.00172068
0.0020517
0.00243976
0.00289336
0.00342197
0.0040362
0.00474777
0.00556965
0.0065161
0.00760273
0.00884653
0.0102659
0.0118808
0.0137125
0.0157836
0.0181185
0.0207424
0.0236821
0.0269652
0.0306204
0.0346769
0.0391646
0.0441134
0.0495532
0.0555132
0.0620219
0.0691063
0.0767917
0.0851011
0.0940548
0.103669
0.113958
0.12493
0.136587
0.148929
0.161947
0.175627
0.189949
0.204883
0.220395
0.236441
0.252969
0.269923
0.287235
0.304832
0.322633
0.340552
0.358496
0.376366
0.394061
0.411474
0.428496
0.445018
0.46093
0.476122
0.490488
0.503923
0.516329
0.527612
0.537687
0.546476
0.55391
0.559929
0.564487
0.567546
0.569081
0.569081
0.567546
0.564487
0.559929
0.55391
0.546476
0.537687
0.527612
0.516329
0.503923
0.490488
0.476122
0.46093
0.445018
0.428496
0.411474
0.394061
0.376366
0.358496
0.340552
0.322633
0.304832
0.287235
0.269923
0.252969
0.236441
0.220395
0.204883
0.189949
0.175627
0.161947
0.148929
0.136587
0.12493
0.113958
0.103669
0.0940548
0.0851011
0.0767917
0.0691063
0.0620219
0.0555132
0.0495532
0.0441134
0.0391646
0.0346769
0.0306204
0.0269652
0.0236821
0.0207424
0.0181185
0.0157836
0.0137125
0.0118808
0.0102659
0.00884653
0.00760273
0.0065161
0.00556965
0.00474777
0.0040362
0.00342197
0.00289336
0.00243976
0.0020517
0.00172068
0.00143916
0.00120042
0.000998578
0.000828416
0.000685385
0.000565509
0.000465333
0.000381862
0.000312513
0.000255064
0.000207609
0.000168524
0.000136426
0.000110141
8.86781e-05
7.12036e-05
5.7017e-05
4.55327e-05
3.62625e-05
2.88011e-05
2.28127e-05
1.80202e-05
1.41957e-05
1.11525e-05
8.73778e-06
6.82726e-06
5.31996e-06
4.13418e-06
3.20399e-06
2.47641e-06
1.90895e-06
1.46767e-06
1.12556e-06
8.61161e-07
6.57525e-07
5.01297e-07
3.82007e-07
2.91489e-07
2.23423e-07
1.72965e-07
1.36463e-07
1.11234e-07
9.53993e-08
8.77703e-08
