3.25662e-05
3.46064e-05
3.87874e-05
4.53134e-05
5.44994e-05
6.67818e-05
8.27322e-05
0.000103076
0.000128713
0.000160746
0.000200511
0.000249613
0.000309968
0.000383848
0.000473934
0.000583375
0.000715848
0.000875632
0.00106768
0.00129769
0.00157221
0.00189871
0.00228567
0.00274267
0.00328049
0.00391121
0.00464824
0.00550647
0.00650226
0.00765353
0.0089798
0.0105022
0.0122433
0.0142274
0.0164802
0.0190286
0.0219007
0.0251258
0.0287337
0.0327545
0.0372187
0.0421562
0.0475961
0.0535662
0.0600927
0.067199
0.0749057
0.0832297
0.0921835
0.101775
0.112005
0.12287
0.134359
0.146454
0.159128
0.172348
0.18607
0.200244
0.214811
0.229702
0.244843
0.260149
0.275532
0.290894
0.306133
0.321143
0.335817
0.350041
0.363705
0.376698
0.388913
0.400244
0.410592
0.419867
0.427983
0.434865
0.440451
0.444688
0.447535
0.448965
0.448965
0.447535
0.444688
0.440451
0.434865
0.427983
0.419867
0.410592
0.400244
0.388913
0.376698
0.363705
0.350041
0.335817
0.321143
0.306133
0.290894
0.275532
0.260149
0.244843
0.229702
0.214811
0.200244
0.18607
0.172348
0.159128
0.146454
0.134359
0.12287
0.112005
0.101775
0.0921835
0.0832297
0.0749057
0.067199
0.0600927
0.0535662
0.0475961
0.0421562
0.0372187
0.0327545
0.0287337
0.0251258
0.0219007
0.0190286
0.0164802
0.0142274
0.0122433
0.0105022
0.0089798
0.00765353
0.00650226
0.00550647
0.00464824
0.00391121
0.00328049
0.00274267
0.00228567
0.00189871
0.00157221
0.00129769
0.00106768
0.000875632
0.000715848
0.000583375
0.000473934
0.000383848
0.000309968
0.000249613
0.000200511
0.000160746
0.000128713
0.000103076
8.27322e-05
6.67818e-05
5.44994e-05
4.53134e-05
3.87874e-05
3.46064e-05
3.25662e-05
