0.0302177
0.0303199
0.0305241
0.0308306
0.0312391
0.0317499
0.0323627
0.0330777
0.0338948
0.0348139
0.035835
0.0369579
0.0381826
0.0395088
0.0409364
0.0424649
0.0440942
0.0458238
0.0476531
0.0495815
0.0516084
0.053733
0.0559542
0.0582712
0.0606826
0.0631871
0.0657832
0.0684694
0.0712437
0.0741041
0.0770485
0.0800745
0.0831796
0.0863608
0.0896153
0.0929399
0.096331
0.0997852
0.103299
0.106867
0.110487
0.114152
0.11786
0.121604
0.12538
0.129182
0.133005
0.136844
0.140692
0.144543
0.148391
0.152231
0.156055
0.159857
0.163631
0.16737
0.171067
0.174715
0.178308
0.181839
0.185301
0.188687
0.191991
0.195206
0.198326
0.201344
0.204254
0.207051
0.209727
0.212278
0.214697
0.216981
0.219123
0.221119
0.222965
0.224657
0.226191
0.227563
0.22877
0.22981
0.230681
0.231379
0.231905
0.232256
0.232431
0.232431
0.232256
0.231905
0.231379
0.230681
0.22981
0.22877
0.227563
0.226191
0.224657
0.222965
0.221119
0.219123
0.216981
0.214697
0.212278
0.209727
0.207051
0.204254
0.201344
0.198326
0.195206
0.191991
0.188687
0.185301
0.181839
0.178308
0.174715
0.171067
0.16737
0.163631
0.159857
0.156055
0.152231
0.148391
0.144543
0.140692
0.136844
0.133005
0.129182
0.12538
0.121604
0.11786
0.114152
0.110487
0.106867
0.103299
0.0997852
0.096331
0.0929399
0.0896153
0.0863608
0.0831796
0.0800745
0.0770485
0.0741041
0.0712437
0.0684694
0.0657832
0.0631871
0.0606826
0.0582712
0.0559542
0.053733
0.0516084
0.0495815
0.0476531
0.0458238
0.0440942
0.0424649
0.0409364
0.0395088
0.0381826
0.0369579
0.035835
0.0348139
0.0338948
0.0330777
0.0323627
0.0317499
0.0312391
0.0308306
0.0305241
0.0303199
0.0302177
