4.60505e-16
4.98141e-16
5.76312e-16
7.01022e-16
8.81814e-16
1.13246e-15
1.47192e-15
1.92572e-15
2.52772e-15
3.3225e-15
4.36841e-15
5.74161e-15
7.54125e-15
9.89612e-15
1.29733e-14
1.6989e-14
2.22233e-14
2.90375e-14
3.78979e-14
4.94056e-14
6.43336e-14
8.36759e-14
1.08709e-13
1.41068e-13
1.82848e-13
2.36731e-13
3.06139e-13
3.95441e-13
5.10206e-13
6.5752e-13
8.46394e-13
1.08827e-12
1.39766e-12
1.79293e-12
2.29735e-12
2.9403e-12
3.75886e-12
4.79977e-12
6.12188e-12
7.79919e-12
9.92463e-12
1.26148e-11
1.60157e-11
2.031e-11
2.57262e-11
3.25494e-11
4.11348e-11
5.1925e-11
6.54702e-11
8.24539e-11
1.03724e-10
1.30331e-10
1.63575e-10
2.05062e-10
2.56777e-10
3.21164e-10
4.01233e-10
5.0069e-10
6.2408e-10
7.76986e-10
9.66242e-10
1.20022e-09
1.48914e-09
1.84548e-09
2.28447e-09
2.82463e-09
3.4885e-09
4.30344e-09
5.30267e-09
6.5264e-09
8.02331e-09
9.85222e-09
1.20841e-08
1.48046e-08
1.81168e-08
2.21445e-08
2.70365e-08
3.29713e-08
4.01626e-08
4.88663e-08
5.9388e-08
7.20921e-08
8.74134e-08
1.05869e-07
1.28074e-07
1.54759e-07
1.86788e-07
2.25188e-07
2.7117e-07
3.26166e-07
3.91866e-07
4.70259e-07
5.63687e-07
6.749e-07
8.07128e-07
9.64155e-07
1.15041e-06
1.37107e-06
1.63217e-06
1.94077e-06
2.30508e-06
2.73462e-06
3.24048e-06
3.83551e-06
4.53459e-06
5.35494e-06
6.31644e-06
7.44204e-06
8.75815e-06
1.02952e-05
1.20881e-05
1.41769e-05
1.66076e-05
1.94328e-05
2.27124e-05
2.65151e-05
3.0919e-05
3.60129e-05
4.18979e-05
4.86888e-05
5.65153e-05
6.55247e-05
7.58832e-05
8.77784e-05
0.000101422
0.000117051
0.000134934
0.000155371
0.000178698
0.000205292
0.000235573
0.00027001
0.000309126
0.000353503
0.000403787
0.000460695
0.000525021
0.000597642
0.000679528
0.000771747
0.000875477
0.00099201
0.00112277
0.0012693
0.00143331
0.00161666
0.00182137
0.00204965
0.0023039
0.00258672
0.00290093
0.00324957
0.00363594
0.00406359
0.00453633
0.00505826
0.00563377
0.00626757
0.00696469
0.00773046
0.0085706
0.00949116
0.0104985
0.0115995
0.0128013
0.0141114
0.0155377
0.0170886
0.0187727
0.0205992
0.0225775
0.0247174
0.0270292
0.0295232
0.0322105
0.0351021
0.0382094
0.0415441
0.0451181
0.0489434
0.0530322
0.0573968
0.0620493
0.0670022
0.0722674
0.0778571
0.0837831
0.0900568
0.0966893
0.103691
0.111073
0.118844
0.127013
0.135588
0.144576
0.153983
0.163814
0.174074
0.184764
0.195885
0.207439
0.219422
0.231831
0.244662
0.257907
0.271557
0.285603
0.300031
0.314826
0.329973
0.345452
0.361243
0.377323
0.393668
0.41025
0.427041
0.444009
0.461124
0.478349
0.495649
0.512987
0.530323
0.547617
0.564827
0.581911
0.598825
0.615524
0.631965
0.648101
0.663888
0.679281
0.694234
0.708704
0.722647
0.73602
0.748782
0.760893
0.772314
0.783009
0.792942
0.802082
0.810398
0.817862
0.824449
0.830138
0.834909
0.838745
0.841633
0.843565
0.844532
0.844532
0.843565
0.841633
0.838745
0.834909
0.830138
0.824449
0.817862
0.810398
0.802082
0.792942
0.783009
0.772314
0.760893
0.748782
0.73602
0.722647
0.708704
0.694234
0.679281
0.663888
0.648101
0.631965
0.615524
0.598825
0.581911
0.564827
0.547617
0.530323
0.512987
0.495649
0.478349
0.461124
0.444009
0.427041
0.41025
0.393668
0.377323
0.361243
0.345452
0.329973
0.314826
0.300031
0.285603
0.271557
0.257907
0.244662
0.231831
0.219422
0.207439
0.195885
0.184764
0.174074
0.163814
0.153983
0.144576
0.135588
0.127013
0.118844
0.111073
0.103691
0.0966893
0.0900568
0.0837831
0.0778571
0.0722674
0.0670022
0.0620493
0.0573968
0.0530322
0.0489434
0.0451181
0.0415441
0.0382094
0.0351021
0.0322105
0.0295232
0.0270292
0.0247174
0.0225775
0.0205992
0.0187727
0.0170886
0.0155377
0.0141114
0.0128013
0.0115995
0.0104985
0.00949116
0.0085706
0.00773046
0.00696469
0.00626757
0.00563377
0.00505826
0.00453633
0.00406359
0.00363594
0.00324957
0.00290093
0.00258672
0.0023039
0.00204965
0.00182137
0.00161666
0.00143331
0.0012693
0.00112277
0.00099201
0.000875477
0.000771747
0.000679528
0.000597642
0.000525021
0.000460695
0.000403787
0.000353503
0.000309126
0.00027001
0.000235573
0.000205292
0.000178698
0.000155371
0.000134934
0.000117051
0.000101422
8.77784e-05
7.58832e-05
6.55247e-05
5.65153e-05
4.86888e-05
4.18979e-05
3.60129e-05
3.0919e-05
2.65151e-05
2.27124e-05
1.94328e-05
1.66076e-05
1.41769e-05
1.20881e-05
1.02952e-05
8.75815e-06
7.44204e-06
6.31644e-06
5.35494e-06
4.53459e-06
3.83551e-06
3.24048e-06
2.73462e-06
2.30508e-06
1.94077e-06
1.63217e-06
1.37107e-06
1.15041e-06
9.64155e-07
8.07128e-07
6.749e-07
5.63687e-07
4.70259e-07
3.91866e-07
3.26166e-07
2.7117e-07
2.25188e-07
1.86788e-07
1.54759e-07
1.28074e-07
1.05869e-07
8.74134e-08
7.20921e-08
5.9388e-08
4.88663e-08
4.01626e-08
3.29713e-08
2.70365e-08
2.21445e-08
1.81168e-08
1.48046e-08
1.20841e-08
9.85222e-09
8.02331e-09
6.5264e-09
5.30267e-09
4.30344e-09
3.4885e-09
2.82463e-09
2.28447e-09
1.84548e-09
1.48914e-09
1.20022e-09
9.66242e-10
7.76986e-10
6.2408e-10
5.0069e-10
4.01233e-10
3.21164e-10
2.56777e-10
2.05062e-10
1.63575e-10
1.30331e-10
1.03724e-10
8.24539e-11
6.54702e-11
5.1925e-11
4.11348e-11
3.25494e-11
2.57262e-11
2.031e-11
1.60157e-11
1.26148e-11
9.92463e-12
7.79919e-12
6.12188e-12
4.79977e-12
3.75886e-12
2.9403e-12
2.29735e-12
1.79293e-12
1.39766e-12
1.08827e-12
8.46394e-13
6.5752e-13
5.10206e-13
3.95441e-13
3.06139e-13
2.36731e-13
1.82848e-13
1.41068e-13
1.08709e-13
8.36759e-14
6.43336e-14
4.94056e-14
3.78979e-14
2.90375e-14
2.22233e-14
1.6989e-14
1.29733e-14
9.89612e-15
7.54125e-15
5.74161e-15
4.36841e-15
3.3225e-15
2.52772e-15
1.92572e-15
1.47192e-15
1.13246e-15
8.81814e-16
7.01022e-16
5.76312e-16
4.98141e-16
4.60505e-16
