1.06068e-12
1.27403e-12
1.74036e-12
2.54565e-12
3.83672e-12
5.84569e-12
8.92803e-12
1.36199e-11
2.07229e-11
3.14288e-11
4.75005e-11
7.15351e-11
1.07343e-10
1.60492e-10
2.39088e-10
3.54883e-10
5.24851e-10
7.73411e-10
1.13556e-09
1.66124e-09
2.42148e-09
3.51685e-09
5.08924e-09
7.33802e-09
1.05422e-08
1.50907e-08
2.15237e-08
3.05881e-08
4.33129e-08
6.11096e-08
8.59076e-08
1.20333e-07
1.67945e-07
2.33549e-07
3.2361e-07
4.46784e-07
6.14618e-07
8.42451e-07
1.15058e-06
1.56575e-06
2.12305e-06
2.86835e-06
3.86135e-06
5.1794e-06
6.92238e-06
9.21863e-06
1.22324e-05
1.61732e-05
2.13066e-05
2.79686e-05
3.65816e-05
4.76752e-05
6.19098e-05
8.0106e-05
0.000103278
0.000132675
0.000169829
0.000216607
0.000275278
0.000348587
0.000439836
0.000552982
0.000692742
0.000864716
0.00107551
0.00133291
0.00164599
0.00202533
0.00248316
0.0030336
0.00369278
0.00447912
0.00541345
0.00651928
0.00782292
0.00935367
0.011144
0.0132294
0.015649
0.018445
0.0216628
0.025351
0.0295612
0.0343474
0.039766
0.045875
0.0527334
0.0604008
0.0689359
0.0783961
0.0888364
0.100308
0.112856
0.126521
0.141334
0.157318
0.174486
0.192836
0.212355
0.233017
0.254776
0.277574
0.301334
0.325961
0.351343
0.377351
0.403839
0.430645
0.457594
0.484496
0.511151
0.53735
0.562878
0.587517
0.611049
0.633258
0.653936
0.672882
0.68991
0.704847
0.717542
0.727862
0.735699
0.74097
0.74362
0.74362
0.74097
0.735699
0.727862
0.717542
0.704847
0.68991
0.672882
0.653936
0.633258
0.611049
0.587517
0.562878
0.53735
0.511151
0.484496
0.457594
0.430645
0.403839
0.377351
0.351343
0.325961
0.301334
0.277574
0.254776
0.233017
0.212355
0.192836
0.174486
0.157318
0.141334
0.126521
0.112856
0.100308
0.0888364
0.0783961
0.0689359
0.0604008
0.0527334
0.045875
0.039766
0.0343474
0.0295612
0.025351
0.0216628
0.018445
0.015649
0.0132294
0.011144
0.00935367
0.00782292
0.00651928
0.00541345
0.00447912
0.00369278
0.0030336
0.00248316
0.00202533
0.00164599
0.00133291
0.00107551
0.000864716
0.000692742
0.000552982
0.000439836
0.000348587
0.000275278
0.000216607
0.000169829
0.000132675
0.000103278
8.0106e-05
6.19098e-05
4.76752e-05
3.65816e-05
2.79686e-05
2.13066e-05
1.61732e-05
1.22324e-05
9.21863e-06
6.92238e-06
5.1794e-06
3.86135e-06
2.86835e-06
2.12305e-06
1.56575e-06
1.15058e-06
8.42451e-07
6.14618e-07
4.46784e-07
3.2361e-07
2.33549e-07
1.67945e-07
1.20333e-07
8.59076e-08
6.11096e-08
4.33129e-08
3.05881e-08
2.15237e-08
1.50907e-08
1.05422e-08
7.33802e-09
5.08924e-09
3.51685e-09
2.42148e-09
1.66124e-09
1.13556e-09
7.73411e-10
5.24851e-10
3.54883e-10
2.39088e-10
1.60492e-10
1.07343e-10
7.15351e-11
4.75005e-11
3.14288e-11
2.07229e-11
1.36199e-11
8.92803e-12
5.84569e-12
3.83672e-12
2.54565e-12
1.74036e-12
1.27403e-12
1.06068e-12
