3.71281e-09
3.22168e-09
2.7938e-09
2.42126e-09
2.0971e-09
1.81523e-09
1.57027e-09
1.35754e-09
1.1729e-09
1.01275e-09
8.73921e-10
7.53662e-10
6.49549e-10
5.59472e-10
4.81588e-10
4.1429e-10
3.56175e-10
3.06022e-10
2.62768e-10
2.25487e-10
1.93375e-10
1.65734e-10
1.41954e-10
1.21511e-10
1.03947e-10
8.88666e-11
7.59264e-11
6.48299e-11
5.53205e-11
4.71764e-11
4.0206e-11
3.42441e-11
2.91478e-11
2.47945e-11
2.10781e-11
1.79074e-11
1.52041e-11
1.29008e-11
1.09395e-11
9.27055e-12
7.85124e-12
6.64503e-12
5.62057e-12
4.75105e-12
4.0135e-12
3.3883e-12
2.85867e-12
2.4103e-12
2.03096e-12
1.71024e-12
1.43925e-12
1.21042e-12
1.01733e-12
8.54497e-13
7.17267e-13
6.01692e-13
5.04417e-13
4.22598e-13
3.53824e-13
2.96052e-13
2.47554e-13
2.06869e-13
1.72758e-13
1.4418e-13
1.20252e-13
1.0023e-13
8.3488e-14
6.94977e-14
5.78145e-14
4.80643e-14
3.99325e-14
3.31551e-14
2.75102e-14
2.28115e-14
1.89031e-14
1.56542e-14
1.29553e-14
1.07147e-14
8.85585e-15
7.31473e-15
6.03785e-15
4.98063e-15
4.10584e-15
3.38249e-15
2.78475e-15
2.29115e-15
1.8838e-15
1.54786e-15
1.27099e-15
1.04297e-15
8.55286e-16
7.00919e-16
5.74034e-16
4.6981e-16
3.84255e-16
3.14074e-16
2.5654e-16
2.09408e-16
1.70822e-16
1.39254e-16
1.13444e-16
9.23569e-17
7.51395e-17
6.10912e-17
4.96365e-17
4.03027e-17
3.27023e-17
2.65175e-17
2.14881e-17
1.74009e-17
1.40818e-17
1.13881e-17
9.20355e-18
7.43307e-18
5.99916e-18
4.83861e-18
3.89996e-18
3.14128e-18
2.52849e-18
2.03387e-18
1.63491e-18
1.31332e-18
1.05428e-18
8.45758e-19
6.78021e-19
5.43183e-19
4.34866e-19
3.47913e-19
2.78157e-19
2.22237e-19
1.77438e-19
1.41573e-19
1.12881e-19
8.9942e-20
7.16159e-20
5.6985e-20
4.53121e-20
3.60057e-20
2.85911e-20
2.26878e-20
1.79911e-20
1.42569e-20
1.129e-20
8.93434e-21
7.06535e-21
5.58349e-21
4.40939e-21
3.47978e-21
2.74426e-21
2.16271e-21
1.70322e-21
1.34043e-21
1.05418e-21
8.28485e-22
6.50659e-22
5.10646e-22
4.00484e-22
3.13868e-22
2.45815e-22
1.92382e-22
1.50459e-22
1.1759e-22
9.18369e-23
7.16738e-23
5.58984e-23
4.35646e-23
3.39284e-23
2.64052e-23
2.05356e-23
1.59596e-23
1.23945e-23
9.61905e-24
7.4598e-24
5.78118e-24
4.47711e-24
3.46475e-24
2.67941e-24
2.07061e-24
1.599e-24
1.23393e-24
9.51536e-25
7.33247e-25
5.64632e-25
4.34481e-25
3.34093e-25
2.56716e-25
1.97119e-25
1.51249e-25
1.1597e-25
8.88563e-26
6.80328e-26
5.2052e-26
3.97964e-26
3.04045e-26
2.32123e-26
1.77087e-26
1.35002e-26
1.02845e-26
7.82903e-27
5.95553e-27
4.52708e-27
3.43875e-27
2.61017e-27
1.9798e-27
1.50057e-27
1.13652e-27
8.60167e-28
6.50537e-28
4.91638e-28
3.71282e-28
2.80188e-28
2.11293e-28
1.59227e-28
1.19909e-28
9.02415e-29
6.78752e-29
5.10283e-29
3.83522e-29
2.88263e-29
2.16795e-29
1.63296e-29
1.23385e-29
9.37669e-30
7.19795e-30
5.61905e-30
4.50526e-30
3.75927e-30
3.3131e-30
3.12231e-30
3.16195e-30
3.42404e-30
3.91627e-30
4.66176e-30
5.69994e-30
7.0884e-30
8.90589e-30
1.12565e-29
1.42757e-29
1.81372e-29
2.30633e-29
2.9337e-29
3.73175e-29
4.74606e-29
6.03433e-29
7.66964e-29
9.74436e-29
1.23753e-28
1.571e-28
1.99348e-28
2.5285e-28
3.20571e-28
4.06254e-28
5.14616e-28
6.51597e-28
8.24682e-28
1.04329e-27
1.31927e-27
1.66753e-27
2.1068e-27
2.66062e-27
3.35857e-27
4.23776e-27
5.34476e-27
6.73799e-27
8.4907e-27
1.06946e-26
1.34648e-26
1.6945e-26
2.13155e-26
2.68015e-26
3.36847e-26
4.23171e-26
5.31385e-26
6.66978e-26
8.36806e-26
1.04941e-25
1.31547e-25
1.64824e-25
2.0643e-25
2.58424e-25
3.23373e-25
4.04468e-25
5.05677e-25
6.31934e-25
7.89368e-25
9.8559e-25
1.23005e-24
1.53447e-24
1.91339e-24
2.38482e-24
2.97111e-24
3.69989e-24
4.60542e-24
5.73004e-24
7.12617e-24
8.85854e-24
1.10072e-23
1.3671e-23
1.6972e-23
2.10607e-23
2.61229e-23
3.23876e-23
4.0137e-23
4.97186e-23
6.15603e-23
7.61888e-23
9.42518e-23
1.16546e-22
1.44049e-22
1.77964e-22
2.19767e-22
2.71269e-22
3.34693e-22
4.12762e-22
5.08816e-22
6.26945e-22
7.72157e-22
9.50581e-22
1.16972e-21
1.43873e-21
1.76883e-21
2.17369e-21
2.67005e-21
3.27828e-21
4.02329e-21
4.9354e-21
6.05161e-21
7.41697e-21
9.08634e-21
1.11265e-20
1.36187e-20
1.66616e-20
2.03754e-20
2.49059e-20
3.04302e-20
3.71633e-20
4.53659e-20
5.53543e-20
6.75118e-20
8.23026e-20
1.00289e-19
1.22152e-19
1.48715e-19
1.80972e-19
2.20129e-19
2.67638e-19
3.25255e-19
3.95099e-19
4.79727e-19
5.82221e-19
7.06297e-19
8.5643e-19
1.03801e-18
1.25753e-18
1.52279e-18
1.84317e-18
2.22996e-18
2.69671e-18
3.25968e-18
3.93842e-18
4.75636e-18
5.74158e-18
6.92777e-18
8.35526e-18
1.00724e-17
1.21369e-17
1.4618e-17
1.75984e-17
2.1177e-17
2.54717e-17
3.06237e-17
3.68011e-17
4.42047e-17
5.30738e-17
6.36936e-17
7.64039e-17
9.16094e-17
1.09791e-16
1.31522e-16
1.57484e-16
1.88484e-16
2.25485e-16
2.69628e-16
3.22267e-16
3.85009e-16
4.59756e-16
5.48768e-16
6.54717e-16
7.80767e-16
9.30662e-16
1.10883e-15
1.32052e-15
1.5719e-15
1.87028e-15
2.2243e-15
2.64413e-15
3.14177e-15
3.73137e-15
4.42962e-15
5.25612e-15
6.23402e-15
7.39048e-15
8.7575e-15
1.03726e-14
1.22801e-14
1.45317e-14
1.71883e-14
2.03212e-14
2.40143e-14
2.83656e-14
3.34901e-14
3.95223e-14
4.66198e-14
5.49667e-14
6.47785e-14
7.63068e-14
8.98458e-14
1.05738e-13
1.24386e-13
1.46254e-13
1.71889e-13
2.01924e-13
2.37099e-13
2.78274e-13
3.2645e-13
3.8279e-13
4.48649e-13
5.25596e-13
6.15459e-13
7.20355e-13
8.42742e-13
9.8547e-13
1.15184e-12
1.34568e-12
1.57142e-12
1.83418e-12
2.13989e-12
2.4954e-12
2.90865e-12
3.38876e-12
3.94631e-12
4.59347e-12
5.34429e-12
6.21497e-12
7.22417e-12
8.39337e-12
9.7473e-12
1.13144e-11
1.31274e-11
1.52238e-11
1.76469e-11
2.04462e-11
2.36786e-11
2.74092e-11
3.17131e-11
3.66756e-11
4.23952e-11
4.89839e-11
5.65704e-11
6.53016e-11
7.53454e-11
8.68936e-11
1.00165e-10
1.1541e-10
1.32914e-10
1.53001e-10
1.76043e-10
2.02459e-10
2.32732e-10
2.67406e-10
3.07104e-10
3.52531e-10
4.04488e-10
4.63887e-10
5.31761e-10
6.09281e-10
6.97777e-10
7.98753e-10
9.13915e-10
1.04519e-09
1.19477e-09
1.36511e-09
1.55901e-09
1.77962e-09
2.03049e-09
2.31565e-09
2.63961e-09
3.00749e-09
3.42504e-09
3.89872e-09
4.43584e-09
5.04459e-09
5.73419e-09
6.51498e-09
7.39864e-09
8.39818e-09
9.52829e-09
1.08054e-08
1.22479e-08
1.38764e-08
1.57141e-08
1.77868e-08
2.01234e-08
2.27562e-08
2.57213e-08
2.90591e-08
3.28145e-08
3.70377e-08
4.17848e-08
4.71179e-08
5.31068e-08
5.98284e-08
6.7369e-08
7.58241e-08
8.53e-08
9.59146e-08
1.07799e-07
1.21099e-07
1.35975e-07
1.52606e-07
1.7119e-07
1.91945e-07
2.15116e-07
2.40968e-07
2.698e-07
3.01938e-07
3.37743e-07
3.77614e-07
4.21992e-07
4.7136e-07
5.26253e-07
5.87259e-07
6.55025e-07
7.30263e-07
8.13754e-07
9.06358e-07
1.00902e-06
1.12277e-06
1.24875e-06
1.3882e-06
1.54249e-06
1.7131e-06
1.90168e-06
2.11001e-06
2.34003e-06
2.59389e-06
2.87391e-06
3.18264e-06
3.52284e-06
3.89753e-06
4.31001e-06
4.76385e-06
5.26296e-06
5.81156e-06
6.41426e-06
7.07606e-06
7.80239e-06
8.59913e-06
9.47267e-06
1.04299e-05
1.14784e-05
1.26261e-05
1.3882e-05
1.52554e-05
1.67565e-05
1.83965e-05
2.01873e-05
2.21416e-05
2.42734e-05
2.65977e-05
2.91303e-05
3.18887e-05
3.48914e-05
3.81583e-05
4.17109e-05
4.55721e-05
4.97667e-05
5.43209e-05
5.92631e-05
6.46236e-05
7.04347e-05
7.67311e-05
8.35496e-05
9.09299e-05
9.89139e-05
0.000107547
0.000116876
0.000126952
0.00013783
0.000149567
0.000162225
0.000175868
0.000190565
0.000206389
0.000223419
0.000241735
0.000261425
0.00028258
0.000305298
0.00032968
0.000355836
0.000383878
0.000413928
0.00044611
0.000480559
0.000517414
0.000556822
0.000598937
0.00064392
0.000691941
0.000743178
0.000797816
0.00085605
0.000918081
0.000984122
0.00105439
0.00112913
0.00120856
0.00129294
0.00138253
0.0014776
0.00157842
0.00168529
0.0017985
0.00191837
0.00204522
0.00217937
0.00232118
0.00247098
0.00262914
0.00279605
0.00297207
0.0031576
0.00335304
0.00355882
0.00377534
0.00400305
0.00424237
0.00449376
0.00475768
0.00503459
0.00532496
0.00562926
0.00594798
0.00628161
0.00663064
0.00699556
0.00737688
0.00777509
0.00819069
0.00862419
0.00907608
0.00954686
0.010037
0.0105471
0.0110775
0.0116287
0.0122012
0.0127955
0.013412
0.014051
0.0147132
0.0153988
0.0161082
0.0168418
0.0175999
0.0183829
0.0191911
0.0200246
0.0208838
0.0217688
0.0226799
0.0236172
0.0245807
0.0255706
0.0265869
0.0276296
0.0286986
0.0297938
0.0309152
0.0320624
0.0332354
0.0344337
0.0356571
0.0369052
0.0381775
0.0394735
0.0407928
0.0421347
0.0434985
0.0448836
0.0462891
0.0477143
0.0491582
0.0506199
0.0520984
0.0535927
0.0551016
0.0566239
0.0581585
0.0597041
0.0612593
0.0628227
0.0643931
0.0659686
0.0675481
0.0691298
0.0707122
0.0722934
0.0738721
0.0754463
0.0770144
0.0785744
0.0801248
0.0816635
0.0831888
0.0846988
0.0861917
0.0876654
0.0891183
0.0905483
0.0919536
0.0933323
0.0946825
0.0960025
0.0972903
0.0985442
0.0997624
0.100943
0.102085
0.103186
0.104244
0.105258
0.106227
0.107149
0.108023
0.108846
0.109619
0.11034
0.111007
0.11162
0.112177
0.112679
0.113123
0.113509
0.113838
0.114107
0.114316
0.114466
0.114556
0.114586
0.114556
0.114465
0.114314
0.114103
0.113832
0.113503
0.113114
0.112667
0.112163
0.111602
0.110985
0.110313
0.109588
0.108809
0.107978
0.107097
0.106167
0.10519
0.104165
0.103096
0.101984
0.10083
0.0996364
0.0984042
0.0971355
0.095832
0.0944956
0.0931281
0.0917315
0.0903075
0.0888581
0.0873852
0.0858908
0.0843767
0.0828449
0.0812973
0.0797359
0.0781625
0.0765791
0.0749874
0.0733893
0.0717867
0.0701813
0.0685749
0.0669692
0.0653658
0.0637665
0.0621727
0.060586
0.0590079
0.0574399
0.0558834
0.0543396
0.0528098
0.0512954
0.0497974
0.0483169
0.046855
0.0454126
0.0439908
0.0425903
0.0412121
0.0398567
0.0385249
0.0372173
0.0359346
0.0346771
0.0334454
0.0322398
0.0310607
0.0299084
0.0287831
0.0276849
0.0266141
0.0255707
0.0245548
0.0235663
0.0226051
0.0216713
0.0207646
0.019885
0.0190321
0.0182058
0.0174058
0.0166317
0.0158834
0.0151603
0.0144622
0.0137886
0.0131391
0.0125133
0.0119107
0.0113308
0.0107732
0.0102374
0.00972285
0.00922902
0.00875542
0.0083015
0.00786675
0.00745062
0.00705257
0.00667207
0.00630859
0.00596159
0.00563052
0.00531488
0.00501413
0.00472776
0.00445525
0.0041961
0.00394981
0.0037159
0.00349388
0.00328328
0.00308365
0.00289453
0.00271548
0.00254608
0.0023859
0.00223454
0.00209161
0.00195671
0.00182948
0.00170956
0.0015966
0.00149026
0.00139022
0.00129616
0.00120778
0.00112479
0.00104691
0.000973867
0.000905409
0.000841284
0.000781258
0.000725101
0.000672599
0.000623543
0.000577737
0.00053499
0.000495124
0.000457966
0.000423356
0.000391138
0.000361166
0.000333299
0.000307406
0.000283363
0.000261051
0.000240357
0.000221177
0.000203411
0.000186964
0.000171749
0.000157681
0.000144682
0.000132678
0.0001216
0.000111382
0.000101965
9.32895e-05
8.53031e-05
7.79552e-05
7.11991e-05
6.49909e-05
5.92897e-05
5.40572e-05
4.92579e-05
4.48587e-05
4.08287e-05
3.71391e-05
3.37633e-05
3.06765e-05
2.78557e-05
2.52795e-05
2.29282e-05
2.07834e-05
1.88284e-05
1.70472e-05
1.54255e-05
1.395e-05
1.26082e-05
1.13887e-05
1.02812e-05
9.276e-06
8.36413e-06
7.53747e-06
6.78853e-06
6.11041e-06
5.49679e-06
4.94188e-06
4.44037e-06
3.9874e-06
3.57853e-06
3.20969e-06
2.87717e-06
2.57757e-06
2.3078e-06
2.06504e-06
1.84673e-06
1.65051e-06
1.47427e-06
1.31607e-06
1.17414e-06
1.0469e-06
9.32892e-07
8.30804e-07
7.39448e-07
6.57745e-07
5.84721e-07
5.19494e-07
4.61268e-07
4.09322e-07
3.6301e-07
3.21745e-07
2.85e-07
2.523e-07
2.23218e-07
1.9737e-07
1.7441e-07
1.54028e-07
1.35947e-07
1.19916e-07
1.05711e-07
9.31333e-08
8.20025e-08
7.21583e-08
6.34576e-08
5.57723e-08
4.89881e-08
4.30031e-08
3.77265e-08
3.30772e-08
2.89833e-08
2.53807e-08
2.22125e-08
1.94278e-08
1.6982e-08
1.4835e-08
1.29516e-08
1.13004e-08
9.8537e-09
8.58696e-09
7.4785e-09
6.50914e-09
5.66197e-09
4.92205e-09
4.2762e-09
