1.92875e-22
4.29246e-22
9.4915e-22
2.08525e-21
4.55182e-21
9.87205e-21
2.1273e-20
4.55455e-20
9.68865e-20
2.04776e-19
4.30025e-19
8.97228e-19
1.86e-18
3.83108e-18
7.84022e-18
1.59415e-17
3.22057e-17
6.46447e-17
1.28924e-16
2.55463e-16
5.02949e-16
9.83821e-16
1.91208e-15
3.69228e-15
7.08406e-15
1.35042e-14
2.55772e-14
4.8132e-14
8.9994e-14
1.67183e-13
3.08581e-13
5.65903e-13
1.03113e-12
1.86675e-12
3.3578e-12
6.00095e-12
1.06558e-11
1.87997e-11
3.29543e-11
5.73944e-11
9.9318e-11
1.70759e-10
2.91701e-10
4.95096e-10
8.34911e-10
1.39891e-09
2.32882e-09
3.85194e-09
6.33028e-09
1.03363e-08
1.67689e-08
2.70297e-08
4.32887e-08
6.88825e-08
1.08903e-07
1.71069e-07
2.66992e-07
4.14023e-07
6.37895e-07
9.765e-07
1.48522e-06
2.24446e-06
3.36999e-06
5.02739e-06
7.45171e-06
1.0974e-05
1.60574e-05
2.33445e-05
3.37202e-05
4.83942e-05
6.90074e-05
9.77677e-05
0.000137624
0.000192482
0.000267476
0.000369298
0.000506604
0.00069049
0.000935072
0.00125814
0.00168195
0.00223406
0.00294832
0.00386592
0.0050365
0.00651933
0.00838447
0.0107139
0.0136024
0.0171586
0.0215053
0.0267799
0.0331337
0.0407314
0.0497493
0.060373
0.0727942
0.0872065
0.1038
0.122757
0.144243
0.168398
0.195335
0.225124
0.257787
0.29329
0.331537
0.372363
0.415525
0.46071
0.507522
0.555496
0.604095
0.652721
0.700725
0.747423
0.792105
0.834061
0.872591
0.907031
0.936766
0.961255
0.980041
0.992768
0.999194
0.999194
0.992768
0.980041
0.961255
0.936766
0.907031
0.872591
0.834061
0.792105
0.747423
0.700725
0.652721
0.604095
0.555496
0.507522
0.46071
0.415525
0.372363
0.331537
0.29329
0.257787
0.225124
0.195335
0.168398
0.144243
0.122757
0.1038
0.0872065
0.0727942
0.060373
0.0497493
0.0407314
0.0331337
0.0267799
0.0215053
0.0171586
0.0136024
0.0107139
0.00838447
0.00651933
0.0050365
0.00386592
0.00294832
0.00223406
0.00168195
0.00125814
0.000935072
0.00069049
0.000506604
0.000369298
0.000267476
0.000192482
0.000137624
9.77677e-05
6.90074e-05
4.83942e-05
3.37202e-05
2.33445e-05
1.60574e-05
1.0974e-05
7.45171e-06
5.02739e-06
3.36999e-06
2.24446e-06
1.48522e-06
9.765e-07
6.37895e-07
4.14023e-07
2.66992e-07
1.71069e-07
1.08903e-07
6.88825e-08
4.32887e-08
2.70297e-08
1.67689e-08
1.03363e-08
6.33028e-09
3.85194e-09
2.32882e-09
1.39891e-09
8.34911e-10
4.95096e-10
2.91701e-10
1.70759e-10
9.9318e-11
5.73944e-11
3.29543e-11
1.87997e-11
1.06558e-11
6.00095e-12
3.3578e-12
1.86675e-12
1.03113e-12
5.65903e-13
3.08581e-13
1.67183e-13
8.9994e-14
4.8132e-14
2.55772e-14
1.35042e-14
7.08406e-15
3.69228e-15
1.91208e-15
9.83821e-16
5.02949e-16
2.55463e-16
1.28924e-16
6.46447e-17
3.22057e-17
1.59415e-17
7.84022e-18
3.83108e-18
1.86e-18
8.97228e-19
4.30025e-19
2.04776e-19
9.68865e-20
4.55455e-20
2.1273e-20
9.87205e-21
4.55182e-21
2.08525e-21
9.4915e-22
4.29246e-22
1.92875e-22
