3.10758e-34
4.15155e-34
5.54329e-34
7.3977e-34
9.86726e-34
1.31543e-33
1.7527e-33
2.33411e-33
3.10673e-33
4.13292e-33
5.49516e-33
7.30255e-33
9.69928e-33
1.28758e-32
1.70836e-32
2.26545e-32
3.00262e-32
3.97756e-32
5.26626e-32
6.9688e-32
9.21688e-32
1.21837e-31
1.6097e-31
2.12559e-31
2.80533e-31
3.70048e-31
4.87868e-31
6.42858e-31
8.46638e-31
1.11442e-30
1.46612e-30
1.9278e-30
2.5335e-30
3.32774e-30
4.36865e-30
5.73209e-30
7.51707e-30
9.85264e-30
1.2907e-29
1.68992e-29
2.21145e-29
2.89238e-29
3.78097e-29
4.93991e-29
6.45064e-29
8.41889e-29
1.09818e-28
1.43174e-28
1.86561e-28
2.42966e-28
3.16255e-28
4.11431e-28
5.34965e-28
6.95219e-28
9.02994e-28
1.17224e-27
1.52095e-27
1.97234e-27
2.55631e-27
3.31143e-27
4.28729e-27
5.54777e-27
7.17498e-27
9.27448e-27
1.19819e-26
1.54714e-26
1.99664e-26
2.57535e-26
3.32001e-26
4.27769e-26
5.50866e-26
7.09004e-26
9.1205e-26
1.17261e-25
1.5068e-25
1.93519e-25
2.48404e-25
3.18683e-25
4.08625e-25
5.2367e-25
6.70742e-25
8.58656e-25
1.09862e-24
1.40489e-24
1.79558e-24
2.29366e-24
2.92834e-24
3.73661e-24
4.76541e-24
6.07417e-24
7.73819e-24
9.85272e-24
1.25383e-23
1.59472e-23
2.0272e-23
2.57557e-23
3.2705e-23
4.15068e-23
5.2649e-23
6.67458e-23
8.45713e-23
1.07099e-22
1.35554e-22
1.71476e-22
2.168e-22
2.73955e-22
3.45989e-22
4.36726e-22
5.5096e-22
6.94694e-22
8.75451e-22
1.10264e-21
1.38803e-21
1.74633e-21
2.19592e-21
2.75976e-21
3.46648e-21
4.3518e-21
5.46025e-21
6.84728e-21
8.58198e-21
1.07503e-20
1.3459e-20
1.68411e-20
2.10615e-20
2.63251e-20
3.28863e-20
4.10602e-20
5.12377e-20
6.39027e-20
7.96548e-20
9.92351e-20
1.23561e-19
1.53765e-19
1.91249e-19
2.37738e-19
2.95366e-19
3.66762e-19
4.55166e-19
5.64566e-19
6.99879e-19
8.67143e-19
1.07379e-18
1.32895e-18
1.64385e-18
2.03223e-18
2.51099e-18
3.10082e-18
3.82711e-18
4.72089e-18
5.8202e-18
7.17153e-18
8.83174e-18
1.08703e-17
1.33719e-17
1.64402e-17
2.02014e-17
2.48093e-17
3.04515e-17
3.7356e-17
4.58008e-17
5.61234e-17
6.87345e-17
8.41326e-17
1.02923e-16
1.25841e-16
1.53776e-16
1.87807e-16
2.29244e-16
2.79666e-16
3.4099e-16
4.15528e-16
5.0608e-16
6.16021e-16
7.49428e-16
9.11218e-16
1.10732e-15
1.34487e-15
1.63248e-15
1.98049e-15
2.40134e-15
2.91e-15
3.52444e-15
4.26623e-15
5.16126e-15
6.24057e-15
7.54136e-15
9.10819e-15
1.09944e-14
1.32638e-14
1.59927e-14
1.92722e-14
2.32112e-14
2.79396e-14
3.36123e-14
4.04142e-14
4.85652e-14
5.83274e-14
7.00126e-14
8.39914e-14
1.00705e-13
1.20676e-13
1.44526e-13
1.72993e-13
2.0695e-13
2.47433e-13
2.95669e-13
3.53109e-13
4.2147e-13
5.02781e-13
5.99441e-13
7.1428e-13
8.50639e-13
1.01246e-12
1.20438e-12
1.43186e-12
1.70136e-12
2.02043e-12
2.39799e-12
2.84448e-12
3.3722e-12
3.99556e-12
4.73146e-12
5.59971e-12
6.62354e-12
7.83011e-12
9.25121e-12
1.0924e-11
1.2892e-11
1.52058e-11
1.79247e-11
2.11178e-11
2.48654e-11
2.92615e-11
3.44152e-11
4.04534e-11
4.7524e-11
5.57985e-11
6.54763e-11
7.67887e-11
9.00043e-11
1.05434e-10
1.23438e-10
1.44434e-10
1.68904e-10
1.97407e-10
2.30588e-10
2.69192e-10
3.14078e-10
3.66239e-10
4.26817e-10
4.9713e-10
5.78693e-10
6.73251e-10
7.82811e-10
9.09675e-10
1.05649e-09
1.2263e-09
1.42258e-09
1.64932e-09
1.9111e-09
2.21315e-09
2.56147e-09
2.9629e-09
3.42526e-09
3.95748e-09
4.56977e-09
5.27372e-09
6.08261e-09
7.0115e-09
8.07757e-09
9.30033e-09
1.0702e-08
1.23078e-08
1.41463e-08
1.625e-08
1.86557e-08
2.14051e-08
2.45455e-08
2.81303e-08
3.22198e-08
3.68824e-08
4.21952e-08
4.82452e-08
5.51305e-08
6.29617e-08
7.18635e-08
8.19759e-08
9.34568e-08
1.06483e-07
1.21255e-07
1.37995e-07
1.56954e-07
1.78413e-07
2.02688e-07
2.30132e-07
2.61137e-07
2.96147e-07
3.35653e-07
3.80206e-07
4.30421e-07
4.86981e-07
5.50651e-07
6.22278e-07
7.0281e-07
7.93297e-07
8.94908e-07
1.00894e-06
1.13683e-06
1.28018e-06
1.44075e-06
1.62051e-06
1.82162e-06
2.04648e-06
2.29774e-06
2.57832e-06
2.89146e-06
3.24071e-06
3.62999e-06
4.06363e-06
4.54638e-06
5.08347e-06
5.68063e-06
6.34418e-06
7.08103e-06
7.89877e-06
8.80571e-06
9.81096e-06
1.09245e-05
1.21571e-05
1.35208e-05
1.50285e-05
1.66943e-05
1.85338e-05
2.05637e-05
2.28023e-05
2.52695e-05
2.79869e-05
3.0978e-05
3.42683e-05
3.78854e-05
4.18593e-05
4.62223e-05
5.10094e-05
5.62587e-05
6.20109e-05
6.83102e-05
7.52043e-05
8.27445e-05
9.0986e-05
9.99882e-05
0.000109815
0.000120535
0.000132222
0.000144955
0.000158818
0.000173902
0.000190303
0.000208126
0.000227481
0.000248485
0.000271265
0.000295954
0.000322695
0.000351639
0.000382947
0.00041679
0.000453349
0.000492815
0.000535392
0.000581294
0.000630748
0.000683993
0.000741282
0.000802881
0.000869069
0.000940139
0.0010164
0.00109818
0.00118582
0.00127967
0.0013801
0.0014875
0.00160228
0.00172487
0.00185569
0.00199522
0.00214392
0.00230229
0.00247084
0.00265011
0.00284064
0.00304299
0.00325776
0.00348554
0.00372695
0.00398263
0.00425322
0.0045394
0.00484185
0.00516126
0.00549835
0.00585384
0.00622845
0.00662295
0.00703807
0.00747458
0.00793324
0.00841484
0.00892013
0.0094499
0.0100049
0.0105859
0.0111938
0.0118291
0.0124928
0.0131854
0.0139078
0.0146606
0.0154446
0.0162603
0.0171084
0.0179895
0.0189042
0.0198529
0.0208362
0.0218545
0.0229082
0.0239977
0.0251232
0.026285
0.0274833
0.0287181
0.0299896
0.0312976
0.0326422
0.034023
0.03544
0.0368927
0.0383807
0.0399035
0.0414605
0.0430511
0.0446744
0.0463296
0.0480158
0.0497317
0.0514764
0.0532485
0.0550466
0.0568693
0.0587151
0.0605822
0.0624689
0.0643734
0.0662937
0.0682278
0.0701736
0.0721288
0.0740912
0.0760583
0.0780279
0.0799971
0.0819637
0.0839248
0.0858777
0.0878198
0.0897482
0.0916601
0.0935526
0.0954228
0.0972678
0.0990847
0.100871
0.102622
0.104337
0.106013
0.107645
0.109233
0.110772
0.11226
0.113694
0.115072
0.116392
0.11765
0.118845
0.119974
0.121035
0.122026
0.122945
0.123791
0.124561
0.125254
0.125869
0.126405
0.12686
0.127233
0.127525
0.127733
0.127858
0.127899
0.127856
0.12773
0.12752
0.127227
0.126851
0.126393
0.125854
0.125235
0.124536
0.12376
0.122908
0.121981
0.120981
0.11991
0.118769
0.117562
0.11629
0.114956
0.113561
0.112109
0.110603
0.109043
0.107435
0.10578
0.104081
0.102341
0.100563
0.0987495
0.0969044
0.0950303
0.0931302
0.091207
0.0892638
0.0873034
0.0853289
0.0833431
0.0813489
0.0793491
0.0773464
0.0753436
0.0733432
0.0713479
0.0693601
0.0673822
0.0654166
0.0634654
0.0615308
0.0596148
0.0577194
0.0558464
0.0539976
0.0521746
0.0503789
0.0486121
0.0468752
0.0451698
0.0434967
0.0418571
0.0402518
0.0386818
0.0371476
0.0356498
0.0341891
0.0327659
0.0313803
0.0300328
0.0287235
0.0274524
0.0262195
0.0250248
0.0238681
0.0227493
0.0216679
0.0206238
0.0196164
0.0186454
0.0177101
0.0168102
0.015945
0.0151139
0.0143161
0.0135511
0.012818
0.0121162
0.0114449
0.0108033
0.0101905
0.00960581
0.00904835
0.00851731
0.00801184
0.00753111
0.00707428
0.00664051
0.00622898
0.00583887
0.00546935
0.00511962
0.0047889
0.00447639
0.00418134
0.00390299
0.0036406
0.00339346
0.00316087
0.00294214
0.00273662
0.00254365
0.00236262
0.00219292
0.00203397
0.0018852
0.00174608
0.00161607
0.00149468
0.00138143
0.00127585
0.0011775
0.00108596
0.00100082
0.000921693
0.000848218
0.000780043
0.000716835
0.000658276
0.000604068
0.000553927
0.000507583
0.000464783
0.000425285
0.000388864
0.000355307
0.000324411
0.000295988
0.000269861
0.000245862
0.000223836
0.000203635
0.000185123
0.000168173
0.000152663
0.000138484
0.00012553
0.000113705
0.000102919
9.30884e-05
8.41355e-05
7.59882e-05
6.85797e-05
6.18483e-05
5.57369e-05
5.01926e-05
4.51667e-05
4.06143e-05
3.64939e-05
3.27675e-05
2.93999e-05
2.63591e-05
2.36154e-05
2.11417e-05
1.89131e-05
1.6907e-05
1.51025e-05
1.34807e-05
1.20241e-05
1.07169e-05
9.54481e-06
8.49458e-06
7.5543e-06
6.71311e-06
5.96116e-06
5.28949e-06
4.69001e-06
4.15537e-06
3.67893e-06
3.25469e-06
2.87722e-06
2.54162e-06
2.24349e-06
1.97884e-06
1.7441e-06
1.53606e-06
1.35182e-06
1.18878e-06
1.04461e-06
9.17242e-07
8.04795e-07
7.056e-07
6.18165e-07
5.41154e-07
4.73379e-07
4.13779e-07
3.61409e-07
3.15428e-07
2.75088e-07
2.39724e-07
2.08748e-07
1.81636e-07
1.57925e-07
1.37205e-07
1.19112e-07
1.03326e-07
8.95635e-08
7.75748e-08
6.71395e-08
5.80633e-08
5.01756e-08
4.3326e-08
3.73828e-08
3.223e-08
2.77661e-08
2.3902e-08
2.05598e-08
1.76712e-08
1.51768e-08
1.30243e-08
1.11685e-08
9.56973e-09
8.19345e-09
7.00964e-09
5.99222e-09
5.11848e-09
4.36874e-09
3.72591e-09
3.1752e-09
2.70377e-09
2.30053e-09
1.9559e-09
1.6616e-09
1.41047e-09
1.19636e-09
1.01396e-09
8.58687e-10
7.26621e-10
6.14383e-10
5.19072e-10
4.38201e-10
3.69638e-10
3.11556e-10
2.62393e-10
2.20812e-10
1.85674e-10
1.56003e-10
1.3097e-10
1.09866e-10
9.20892e-11
7.71275e-11
6.4545e-11
5.39722e-11
4.50951e-11
3.7648e-11
3.14056e-11
2.61772e-11
2.18018e-11
1.81431e-11
1.50862e-11
1.25344e-11
1.04057e-11
8.63165e-12
7.15424e-12
5.92493e-12
4.90288e-12
4.05385e-12
3.34913e-12
2.76468e-12
2.28037e-12
1.87937e-12
1.54762e-12
1.2734e-12
1.04691e-12
8.60007e-13
7.05892e-13
5.78922e-13
4.74401e-13
3.88433e-13
3.17783e-13
2.59769e-13
2.12172e-13
1.73153e-13
1.41194e-13
1.15039e-13
9.36511e-14
7.61769e-14
6.19119e-14
5.02766e-14
4.07941e-14
3.30726e-14
2.67904e-14
2.16835e-14
1.75355e-14
1.41692e-14
1.14395e-14
9.22807e-15
7.43789e-15
5.98998e-15
4.81989e-15
3.87512e-15
3.11293e-15
2.49855e-15
2.00374e-15
1.60557e-15
1.28544e-15
1.02827e-15
8.21853e-16
6.5632e-16
5.23684e-16
4.17499e-16
3.32562e-16
2.6468e-16
2.10475e-16
1.67229e-16
1.32755e-16
1.05298e-16
8.34486e-17
6.60764e-17
5.2276e-17
4.13225e-17
3.26361e-17
2.57535e-17
2.0305e-17
1.59954e-17
1.25896e-17
9.90046e-18
7.779e-18
6.10685e-18
4.78998e-18
3.75384e-18
2.93927e-18
2.29947e-18
1.79737e-18
1.40369e-18
1.09528e-18
8.53886e-19
6.65114e-19
5.17622e-19
4.02485e-19
3.12684e-19
2.42706e-19
1.88224e-19
1.45844e-19
1.12906e-19
8.73304e-20
6.74886e-20
5.21088e-20
4.01984e-20
3.09828e-20
2.38588e-20
1.83566e-20
1.41107e-20
1.08373e-20
8.3158e-21
6.37531e-21
4.88327e-21
3.73708e-21
2.85736e-21
2.18278e-21
1.66596e-21
1.27037e-21
9.67843e-22
7.36697e-22
5.6025e-22
4.2568e-22
3.23141e-22
2.4508e-22
1.85709e-22
1.40592e-22
1.0634e-22
8.03597e-23
6.06715e-23
4.57652e-23
3.44898e-23
2.59686e-23
1.95349e-23
1.46816e-23
1.1024e-23
8.27006e-24
6.19837e-24
4.64138e-24
3.4723e-24
2.59529e-24
1.93801e-24
1.44585e-24
1.07768e-24
8.02511e-25
5.97051e-25
4.43781e-25
3.29551e-25
2.44495e-25
1.81224e-25
1.342e-25
9.92856e-26
7.33859e-26
5.41917e-26
3.99802e-26
2.94679e-26
2.16992e-26
1.59636e-26
1.1733e-26
8.61541e-27
6.32022e-27
4.6321e-27
3.39166e-27
2.48104e-27
1.81319e-27
1.32385e-27
9.65654e-28
7.03703e-28
5.12322e-28
3.72632e-28
2.70771e-28
1.96566e-28
1.4256e-28
1.03292e-28
7.47687e-29
5.40698e-29
3.90633e-29
2.81945e-29
2.03301e-29
1.46451e-29
1.05396e-29
7.57769e-30
5.44283e-30
3.90562e-30
2.79982e-30
2.00515e-30
1.43463e-30
1.02543e-30
7.32229e-31
5.22349e-31
3.72261e-31
2.65037e-31
1.88511e-31
1.33949e-31
9.50849e-32
6.74301e-32
4.77711e-32
3.38101e-32
2.39053e-32
1.68853e-32
1.1915e-32
8.39928e-33
5.91503e-33
4.16137e-33
2.9247e-33
2.05347e-33
1.44033e-33
1.00924e-33
7.06465e-34
4.94025e-34
3.45117e-34
2.40849e-34
1.67913e-34
1.16945e-34
8.13649e-35
5.65525e-35
3.92667e-35
2.72368e-35
1.88734e-35
1.3065e-35
9.03536e-36
6.24279e-36
4.30974e-36
2.97335e-36
2.05082e-36
1.41522e-36
9.78538e-37
6.79882e-37
4.77277e-37
3.41944e-37
2.54349e-37
2.01494e-37
1.75074e-37
1.70258e-37
1.84929e-37
2.19254e-37
2.75543e-37
3.58336e-37
4.74724e-37
6.34919e-37
8.53115e-37
1.1487e-36
1.54794e-36
2.08622e-36
2.81116e-36
3.78665e-36
5.09839e-36
6.86122e-36
9.2289e-36
1.24073e-35
1.66715e-35
2.23897e-35
3.00533e-35
4.03189e-35
5.40625e-35
7.24529e-35
9.7048e-35
1.29924e-34
1.73845e-34
2.32492e-34
