1.28569e-08
1.4041e-08
1.65057e-08
2.04504e-08
2.61919e-08
3.41857e-08
4.50573e-08
5.9644e-08
7.90503e-08
1.04719e-07
1.38522e-07
1.82879e-07
2.40898e-07
3.16564e-07
4.14969e-07
5.42593e-07
7.07665e-07
9.20599e-07
1.19454e-06
1.54601e-06
1.99578e-06
2.56977e-06
3.30036e-06
4.22777e-06
5.4019e-06
6.88439e-06
8.75124e-06
1.10958e-05
1.40324e-05
1.77007e-05
2.22707e-05
2.79489e-05
3.49849e-05
4.368e-05
5.43964e-05
6.75686e-05
8.37155e-05
0.000103456
0.000127523
0.000156787
0.000192274
0.00023519
0.000286948
0.000349201
0.000423874
0.0005132
0.000619761
0.000746536
0.000896945
0.00107491
0.00128488
0.00153196
0.00182187
0.00216113
0.00255701
0.00301768
0.00355226
0.00417086
0.0048847
0.00570612
0.00664866
0.00772712
0.00895762
0.0103576
0.0119458
0.0137424
0.015769
0.0180482
0.0206043
0.0234624
0.0266489
0.030191
0.0341168
0.0384549
0.0432342
0.0484836
0.054232
0.0605074
0.0673371
0.0747469
0.0827608
0.0914007
0.100686
0.110631
0.12125
0.13255
0.144535
0.157201
0.170543
0.184547
0.199192
0.214453
0.230295
0.246679
0.263557
0.280873
0.298565
0.316565
0.334797
0.353178
0.371621
0.390033
0.408316
0.42637
0.44409
0.461371
0.478106
0.494188
0.509513
0.523977
0.537483
0.549935
0.561246
0.571334
0.580124
0.587553
0.593564
0.598113
0.601165
0.602697
0.602697
0.601165
0.598113
0.593564
0.587553
0.580124
0.571334
0.561246
0.549935
0.537483
0.523977
0.509513
0.494188
0.478106
0.461371
0.44409
0.42637
0.408316
0.390033
0.371621
0.353178
0.334797
0.316565
0.298565
0.280873
0.263557
0.246679
0.230295
0.214453
0.199192
0.184547
0.170543
0.157201
0.144535
0.13255
0.12125
0.110631
0.100686
0.0914007
0.0827608
0.0747469
0.0673371
0.0605074
0.054232
0.0484836
0.0432342
0.0384549
0.0341168
0.030191
0.0266489
0.0234624
0.0206043
0.0180482
0.015769
0.0137424
0.0119458
0.0103576
0.00895762
0.00772712
0.00664866
0.00570612
0.0048847
0.00417086
0.00355226
0.00301768
0.00255701
0.00216113
0.00182187
0.00153196
0.00128488
0.00107491
0.000896945
0.000746536
0.000619761
0.0005132
0.000423874
0.000349201
0.000286948
0.00023519
0.000192274
0.000156787
0.000127523
0.000103456
8.37155e-05
6.75686e-05
5.43964e-05
4.368e-05
3.49849e-05
2.79489e-05
2.22707e-05
1.77007e-05
1.40324e-05
1.10958e-05
8.75124e-06
6.88439e-06
5.4019e-06
4.22777e-06
3.30036e-06
2.56977e-06
1.99578e-06
1.54601e-06
1.19454e-06
9.20599e-07
7.07665e-07
5.42593e-07
4.14969e-07
3.16564e-07
2.40898e-07
1.82879e-07
1.38522e-07
1.04719e-07
7.90503e-08
5.9644e-08
4.50573e-08
3.41857e-08
2.61919e-08
2.04504e-08
1.65057e-08
1.4041e-08
1.28569e-08
