2.0146e-09
2.20774e-09
2.61059e-09
3.25756e-09
4.20344e-09
5.52749e-09
7.33924e-09
9.78642e-09
1.30654e-08
1.74351e-08
2.32344e-08
3.09053e-08
4.10217e-08
5.43268e-08
7.17796e-08
9.46143e-08
1.24415e-07
1.63208e-07
2.13582e-07
2.78829e-07
3.63131e-07
4.71778e-07
6.11452e-07
7.90566e-07
1.01968e-06
1.31202e-06
1.6841e-06
2.15649e-06
2.75472e-06
3.51042e-06
4.46264e-06
5.65948e-06
7.16e-06
9.03654e-06
1.13774e-05
1.42902e-05
1.79054e-05
2.23811e-05
2.79084e-05
3.47168e-05
4.30822e-05
5.33348e-05
6.58683e-05
8.11513e-05
9.97399e-05
0.000122292
0.000149582
0.000182522
0.00022218
0.000269806
0.000326852
0.000395009
0.000476231
0.000572774
0.000687234
0.000822586
0.000982231
0.00117004
0.00139042
0.00164834
0.00194941
0.00229994
0.00270698
0.00317842
0.00372301
0.00435044
0.00507142
0.00589771
0.00684217
0.00791884
0.00914296
0.010531
0.0121007
0.013871
0.0158622
0.0180958
0.0205944
0.0233819
0.026483
0.0299236
0.0337301
0.0379298
0.0425503
0.0476193
0.0531645
0.0592134
0.0657925
0.0729277
0.0806431
0.0889612
0.0979025
0.107485
0.117722
0.128626
0.140204
0.152458
0.165386
0.178981
0.193231
0.208116
0.223611
0.239686
0.256301
0.273413
0.290969
0.308913
0.327178
0.345695
0.364386
0.383169
0.401958
0.420659
0.439177
0.457415
0.475271
0.492643
0.50943
0.525529
0.54084
0.555268
0.568717
0.581099
0.592332
0.602339
0.61105
0.618406
0.624354
0.628853
0.63187
0.633384
0.633384
0.63187
0.628853
0.624354
0.618406
0.61105
0.602339
0.592332
0.581099
0.568717
0.555268
0.54084
0.525529
0.50943
0.492643
0.475271
0.457415
0.439177
0.420659
0.401958
0.383169
0.364386
0.345695
0.327178
0.308913
0.290969
0.273413
0.256301
0.239686
0.223611
0.208116
0.193231
0.178981
0.165386
0.152458
0.140204
0.128626
0.117722
0.107485
0.0979025
0.0889612
0.0806431
0.0729277
0.0657925
0.0592134
0.0531645
0.0476193
0.0425503
0.0379298
0.0337301
0.0299236
0.026483
0.0233819
0.0205944
0.0180958
0.0158622
0.013871
0.0121007
0.010531
0.00914296
0.00791884
0.00684217
0.00589771
0.00507142
0.00435044
0.00372301
0.00317842
0.00270698
0.00229994
0.00194941
0.00164834
0.00139042
0.00117004
0.000982231
0.000822586
0.000687234
0.000572774
0.000476231
0.000395009
0.000326852
0.000269806
0.00022218
0.000182522
0.000149582
0.000122292
9.97399e-05
8.11513e-05
6.58683e-05
5.33348e-05
4.30822e-05
3.47168e-05
2.79084e-05
2.23811e-05
1.79054e-05
1.42902e-05
1.13774e-05
9.03654e-06
7.16e-06
5.65948e-06
4.46264e-06
3.51042e-06
2.75472e-06
2.15649e-06
1.6841e-06
1.31202e-06
1.01968e-06
7.90566e-07
6.11452e-07
4.71778e-07
3.63131e-07
2.78829e-07
2.13582e-07
1.63208e-07
1.24415e-07
9.46143e-08
7.17796e-08
5.43268e-08
4.10217e-08
3.09053e-08
2.32344e-08
1.74351e-08
1.30654e-08
9.78642e-09
7.33924e-09
5.52749e-09
4.20344e-09
3.25756e-09
2.61059e-09
2.20774e-09
2.0146e-09
