6.27564e-07
6.7793e-07
7.82097e-07
9.47129e-07
1.1841e-06
1.5087e-06
1.94206e-06
2.51187e-06
3.2538e-06
4.21324e-06
5.44754e-06
7.02872e-06
9.0467e-06
1.16133e-05
1.48672e-05
1.89792e-05
2.41597e-05
3.06661e-05
3.88128e-05
4.89824e-05
6.16383e-05
7.73405e-05
9.67629e-05
0.000120714
0.000150158
0.000186247
0.000230342
0.000284057
0.000349288
0.000428261
0.000523577
0.000638264
0.000775832
0.000940335
0.00113644
0.00136949
0.00164557
0.00197163
0.00235551
0.00280603
0.0033331
0.0039478
0.00466243
0.00549059
0.00644727
0.0075489
0.00881338
0.0102601
0.01191
0.0137856
0.0159107
0.0183107
0.0210122
0.0240432
0.0274324
0.0312096
0.035405
0.0400493
0.0451728
0.0508058
0.0569773
0.0637154
0.0710461
0.0789933
0.0875777
0.0968168
0.106724
0.117308
0.128572
0.140515
0.153127
0.166393
0.180291
0.19479
0.209853
0.225433
0.241477
0.257923
0.2747
0.291732
0.308932
0.326211
0.343471
0.360609
0.377519
0.394092
0.410215
0.425776
0.440664
0.454768
0.46798
0.4802
0.491329
0.501278
0.509966
0.517321
0.523281
0.527796
0.530828
0.532351
0.532351
0.530828
0.527796
0.523281
0.517321
0.509966
0.501278
0.491329
0.4802
0.46798
0.454768
0.440664
0.425776
0.410215
0.394092
0.377519
0.360609
0.343471
0.326211
0.308932
0.291732
0.2747
0.257923
0.241477
0.225433
0.209853
0.19479
0.180291
0.166393
0.153127
0.140515
0.128572
0.117308
0.106724
0.0968168
0.0875777
0.0789933
0.0710461
0.0637154
0.0569773
0.0508058
0.0451728
0.0400493
0.035405
0.0312096
0.0274324
0.0240432
0.0210122
0.0183107
0.0159107
0.0137856
0.01191
0.0102601
0.00881338
0.0075489
0.00644727
0.00549059
0.00466243
0.0039478
0.0033331
0.00280603
0.00235551
0.00197163
0.00164557
0.00136949
0.00113644
0.000940335
0.000775832
0.000638264
0.000523577
0.000428261
0.000349288
0.000284057
0.000230342
0.000186247
0.000150158
0.000120714
9.67629e-05
7.73405e-05
6.16383e-05
4.89824e-05
3.88128e-05
3.06661e-05
2.41597e-05
1.89792e-05
1.48672e-05
1.16133e-05
9.0467e-06
7.02872e-06
5.44754e-06
4.21324e-06
3.2538e-06
2.51187e-06
1.94206e-06
1.5087e-06
1.1841e-06
9.47129e-07
7.82097e-07
6.7793e-07
6.27564e-07
