2.8026e-45
2.8026e-45
2.8026e-45
2.8026e-45
2.8026e-45
2.8026e-45
2.8026e-45
2.8026e-45
2.8026e-45
2.8026e-45
2.8026e-45
2.8026e-45
2.8026e-45
2.8026e-45
2.8026e-45
2.8026e-45
2.8026e-45
2.8026e-45
2.8026e-45
2.8026e-45
2.8026e-45
2.8026e-45
2.8026e-45
2.8026e-45
2.8026e-45
2.8026e-45
2.8026e-45
2.8026e-45
2.8026e-45
2.8026e-45
2.8026e-45
2.8026e-45
2.8026e-45
2.8026e-45
2.8026e-45
2.8026e-45
2.8026e-45
2.8026e-45
2.8026e-45
2.8026e-45
2.8026e-45
2.8026e-45
2.8026e-45
2.8026e-45
2.8026e-45
2.8026e-45
2.8026e-45
2.8026e-45
2.8026e-45
2.8026e-45
2.8026e-45
2.8026e-45
2.8026e-45
2.8026e-45
2.8026e-45
2.8026e-45
2.8026e-45
2.8026e-45
2.8026e-45
2.8026e-45
2.8026e-45
2.8026e-45
2.8026e-45
2.8026e-45
2.8026e-45
2.8026e-45
2.8026e-45
2.8026e-45
2.8026e-45
2.8026e-45
2.8026e-45
2.8026e-45
0.0
0.0
0.0
0.0
0.0
0.0
0.0
0.0
0.0
0.0
0.0
0.0
0.0
0.0
0.0
0.0
0.0
0.0
0.0
0.0
0.0
0.0
0.0
0.0
0.0
0.0
0.0
0.0
0.0
0.0
0.0
0.0
0.0
0.0
0.0
0.0
0.0
0.0
0.0
0.0
0.0
0.0
0.0
0.0
0.0
0.0
0.0
0.0
0.0
0.0
0.0
0.0
0.0
0.0
0.0
0.0
0.0
0.0
0.0
0.0
0.0
0.0
0.0
0.0
0.0
0.0
0.0
0.0
0.0
0.0
0.0
0.0
0.0
0.0
0.0
0.0
0.0
0.0
0.0
0.0
0.0
0.0
0.0
0.0
0.0
0.0
0.0
0.0
0.0
0.0
0.0
0.0
0.0
0.0
0.0
0.0
0.0
0.0
0.0
0.0
0.0
0.0
0.0
0.0
0.0
0.0
0.0
0.0
0.0
0.0
0.0
0.0
0.0
0.0
0.0
0.0
0.0
0.0
0.0
0.0
0.0
0.0
0.0
0.0
0.0
0.0
0.0
0.0
0.0
0.0
0.0
0.0
0.0
0.0
0.0
0.0
0.0
0.0
0.0
0.0
0.0
0.0
0.0
0.0
0.0
0.0
0.0
0.0
0.0
0.0
0.0
0.0
0.0
0.0
0.0
0.0
0.0
0.0
0.0
0.0
0.0
0.0
0.0
0.0
0.0
0.0
0.0
0.0
0.0
0.0
0.0
0.0
0.0
0.0
0.0
0.0
0.0
0.0
0.0
0.0
0.0
0.0
0.0
0.0
0.0
0.0
0.0
0.0
0.0
0.0
0.0
0.0
0.0
0.0
0.0
0.0
0.0
0.0
0.0
0.0
0.0
0.0
0.0
0.0
0.0
0.0
0.0
0.0
0.0
0.0
0.0
0.0
0.0
0.0
0.0
0.0
0.0
0.0
0.0
0.0
0.0
0.0
0.0
0.0
0.0
0.0
0.0
0.0
0.0
0.0
0.0
0.0
0.0
0.0
0.0
0.0
0.0
0.0
0.0
0.0
0.0
0.0
0.0
0.0
0.0
0.0
0.0
0.0
0.0
0.0
0.0
0.0
0.0
0.0
0.0
0.0
0.0
0.0
0.0
0.0
0.0
0.0
0.0
0.0
0.0
0.0
0.0
0.0
0.0
0.0
0.0
0.0
0.0
0.0
0.0
0.0
0.0
0.0
0.0
0.0
0.0
0.0
0.0
0.0
0.0
0.0
0.0
0.0
0.0
0.0
0.0
0.0
0.0
0.0
0.0
0.0
0.0
0.0
0.0
0.0
0.0
0.0
0.0
0.0
0.0
0.0
0.0
0.0
0.0
0.0
0.0
0.0
0.0
0.0
0.0
0.0
0.0
0.0
0.0
0.0
0.0
0.0
0.0
0.0
0.0
0.0
0.0
0.0
0.0
0.0
0.0
0.0
0.0
0.0
0.0
0.0
0.0
0.0
0.0
0.0
0.0
0.0
0.0
0.0
0.0
0.0
0.0
0.0
0.0
0.0
0.0
0.0
0.0
0.0
0.0
0.0
0.0
0.0
0.0
0.0
0.0
0.0
0.0
0.0
0.0
0.0
0.0
0.0
0.0
0.0
1.4013e-45
4.2039e-45
5.60519e-45
1.12104e-44
2.10195e-44
3.92364e-44
7.42688e-44
1.35926e-43
2.52234e-43
4.66632e-43
8.61799e-43
1.58907e-42
2.92451e-42
5.37538e-42
9.86794e-42
1.80711e-41
3.30342e-41
6.02684e-41
1.0974e-40
1.9945e-40
3.61803e-40
6.55062e-40
1.18377e-39
2.13511e-39
3.8437e-39
6.90638e-39
1.23858e-38
2.21703e-38
3.9609e-38
7.06298e-38
1.25706e-37
2.23305e-37
3.95926e-37
7.00653e-37
1.23756e-36
2.18174e-36
3.83897e-36
6.74216e-36
1.18184e-35
2.06772e-35
3.61076e-35
6.29333e-35
1.0948e-34
1.90093e-34
3.29435e-34
5.69834e-34
9.83787e-34
1.69523e-33
2.9156e-33
5.00499e-33
8.57536e-33
1.46648e-32
2.50307e-32
4.26426e-32
7.25085e-32
1.23057e-31
2.0845e-31
3.52426e-31
5.94714e-31
1.00166e-30
1.68387e-30
2.82534e-30
4.73156e-30
7.90883e-30
1.31945e-29
2.19708e-29
3.65152e-29
6.05721e-29
1.00287e-28
1.65725e-28
2.73342e-28
4.49982e-28
7.39361e-28
1.21252e-27
1.9847e-27
3.24244e-27
5.28712e-27
8.60476e-27
1.39775e-26
2.26616e-26
3.66709e-26
5.92276e-26
9.54765e-26
1.53617e-25
2.4669e-25
3.95396e-25
6.32534e-25
1.00996e-24
1.60951e-24
2.56006e-24
4.06422e-24
6.43978e-24
1.01843e-23
1.60754e-23
2.53256e-23
3.9822e-23
6.24961e-23
9.78926e-23
1.53043e-22
2.38804e-22
3.71908e-22
5.78088e-22
8.96846e-22
1.38869e-21
2.14614e-21
3.31036e-21
5.09629e-21
7.83063e-21
1.20089e-20
1.8381e-20
2.80801e-20
4.28144e-20
6.51541e-20
9.89589e-20
1.50013e-19
2.26966e-19
3.42732e-19
5.16542e-19
7.76992e-19
1.1665e-18
1.74788e-18
2.61394e-18
3.90154e-18
5.8121e-18
8.64145e-18
1.28232e-17
1.89915e-17
2.80722e-17
4.14142e-17
6.09782e-17
8.96094e-17
1.31427e-16
1.92384e-16
2.81062e-16
4.09815e-16
5.96382e-16
8.66184e-16
1.25558e-15
1.81648e-15
2.62278e-15
3.77956e-15
5.43586e-15
7.80263e-15
1.11779e-14
1.59818e-14
2.28052e-14
3.24778e-14
4.61618e-14
6.5482e-14
9.2705e-14
1.30986e-13
1.8471e-13
2.59952e-13
3.65121e-13
5.11822e-13
7.16044e-13
9.99764e-13
1.39313e-12
1.93742e-12
2.68899e-12
3.72469e-12
5.14902e-12
7.10384e-12
9.78123e-12
1.34408e-11
1.84327e-11
2.5228e-11
3.44593e-11
4.6974e-11
6.39054e-11
8.6765e-11
1.17565e-10
1.58978e-10
2.14546e-10
2.88953e-10
3.88381e-10
5.20967e-10
6.97405e-10
9.31707e-10
1.24221e-09
1.65283e-09
2.19471e-09
2.90835e-09
3.84619e-09
5.0761e-09
6.68566e-09
8.78762e-09
1.15269e-08
1.50891e-08
1.97117e-08
2.56978e-08
3.34331e-08
4.34076e-08
5.6242e-08
7.27213e-08
9.38355e-08
1.2083e-07
1.5527e-07
1.99114e-07
2.54811e-07
3.25411e-07
4.1471e-07
5.27418e-07
6.69365e-07
8.47745e-07
1.07143e-06
1.3513e-06
1.70073e-06
2.13603e-06
2.67714e-06
3.3483e-06
4.17892e-06
5.20463e-06
6.46847e-06
8.02227e-06
9.92833e-06
1.22613e-05
1.51105e-05
1.85823e-05
2.28033e-05
2.79237e-05
3.41212e-05
4.16055e-05
5.06232e-05
6.1464e-05
7.44667e-05
9.00271e-05
0.000108606
0.000130737
0.000157039
0.000188228
0.000225124
0.000268671
0.000319949
0.000380188
0.000450789
0.000533339
0.000629635
0.000741698
0.000871799
0.00102248
0.00119659
0.00139727
0.00162802
0.00189272
0.00219561
0.00254134
0.00293503
0.00338219
0.00388885
0.00446149
0.00510706
0.00583303
0.00664734
0.00755839
0.00857508
0.00970671
0.010963
0.012354
0.0138902
0.0155821
0.0174406
0.0194765
0.0217007
0.024124
0.0267568
0.0296092
0.0326907
0.0360104
0.0395761
0.043395
0.0474728
0.051814
0.0564215
0.0612963
0.066438
0.0718435
0.0775078
0.0834237
0.0895812
0.0959678
0.102568
0.109365
0.116338
0.123462
0.130713
0.138062
0.145477
0.152926
0.160373
0.16778
0.175109
0.182319
0.189369
0.196218
0.202824
0.209144
0.215138
0.220765
0.225987
0.230768
0.235074
0.238872
0.242134
0.244836
0.246957
0.24848
0.249391
0.249683
0.249352
0.248399
0.246831
0.244656
0.24189
0.238552
0.234665
0.230256
0.225355
0.219998
0.214219
0.208057
0.201555
0.194753
0.187695
0.180425
0.172987
0.165424
0.15778
0.150096
0.142411
0.134766
0.127194
0.119731
0.112408
0.105252
0.0982895
0.0915424
0.0850301
0.0787692
0.0727727
0.0670513
0.0616124
0.056461
0.0515994
0.0470276
0.0427436
0.0387431
0.0350203
0.0315677
0.0283767
0.0254374
0.0227389
0.0202699
0.0180183
0.0159718
0.0141178
0.0124436
0.0109369
0.00958519
0.00837657
0.00729937
0.0063424
0.005495
0.00474705
0.00408899
0.00351191
0.00300745
0.00256791
0.00218615
0.00185566
0.00157046
0.00132515
0.00111483
0.000935076
0.000781954
0.000651936
0.000541894
0.000449061
0.000370998
0.000305569
0.000250907
0.00020539
0.00016761
0.000136356
0.000110585
8.94049e-05
7.20546e-05
5.78888e-05
4.63611e-05
3.70113e-05
2.94531e-05
2.33636e-05
1.84737e-05
1.45602e-05
1.14387e-05
8.95722e-06
6.99124e-06
5.43893e-06
4.2174e-06
3.25944e-06
2.51073e-06
1.92759e-06
1.47494e-06
1.12481e-06
8.54913e-07
6.4758e-07
4.88866e-07
3.67793e-07
2.75759e-07
2.06044e-07
1.53423e-07
1.13845e-07
8.41823e-08
6.20308e-08
4.55477e-08
3.33265e-08
2.42981e-08
1.76525e-08
1.27786e-08
9.2172e-09
6.62436e-09
4.74363e-09
3.38449e-09
2.40593e-09
1.70401e-09
1.20242e-09
8.4532e-10
5.92058e-10
4.1312e-10
2.87176e-10
1.98872e-10
1.37196e-10
9.42862e-11
6.45476e-11
4.40182e-11
2.99015e-11
2.02328e-11
1.36368e-11
9.15486e-12
6.12161e-12
4.07704e-12
2.70445e-12
1.78674e-12
1.17566e-12
7.70418e-13
5.02794e-13
3.26784e-13
2.11509e-13
1.36328e-13
8.75021e-14
5.59266e-14
3.55937e-14
2.25566e-14
1.42334e-14
8.94267e-15
5.59419e-15
3.48424e-15
2.16057e-15
1.33385e-15
8.19804e-16
5.01612e-16
3.05539e-16
1.85266e-16
1.11825e-16
6.71877e-17
4.01819e-17
2.39194e-17
1.41721e-17
8.35737e-18
4.90504e-18
2.86511e-18
1.66552e-18
9.63504e-19
5.54675e-19
3.17754e-19
1.81132e-19
1.02739e-19
5.79829e-20
3.25589e-20
1.81898e-20
1.01102e-20
5.59051e-21
3.07527e-21
1.68282e-21
9.16014e-22
4.95969e-22
2.67103e-22
1.43073e-22
7.62207e-23
4.03835e-23
2.12782e-23
1.11492e-23
5.80915e-24
3.00968e-24
1.55042e-24
7.94101e-25
4.04372e-25
2.04711e-25
1.03024e-25
5.15405e-26
2.563e-26
1.26683e-26
6.22343e-27
3.03852e-27
1.47432e-27
7.10878e-28
3.406e-28
1.62149e-28
7.66976e-29
3.60427e-29
1.68265e-29
7.80345e-30
3.59473e-30
1.64476e-30
7.47427e-31
3.37313e-31
1.5117e-31
6.72725e-32
2.97245e-32
1.30397e-32
5.67883e-33
2.45504e-33
1.05349e-33
4.48686e-34
1.89651e-34
7.95489e-35
3.31087e-35
1.36722e-35
5.60129e-36
2.2764e-36
9.17655e-37
3.66893e-37
1.45474e-37
5.71971e-38
2.22977e-38
8.61787e-39
3.30176e-39
1.25386e-39
4.7191e-40
1.76006e-40
6.50427e-41
2.38137e-41
8.6362e-42
3.10107e-42
1.10142e-42
3.86758e-43
1.33123e-43
4.48416e-44
1.26117e-44
2.8026e-45
2.8026e-45
2.8026e-45
2.8026e-45
2.8026e-45
2.8026e-45
2.8026e-45
2.8026e-45
2.8026e-45
