1.19524e-12
1.45769e-12
1.77647e-12
2.16335e-12
2.63256e-12
3.20115e-12
3.88968e-12
4.72281e-12
5.73015e-12
6.94719e-12
8.41649e-12
1.0189e-11
1.23256e-11
1.48992e-11
1.79969e-11
2.17224e-11
2.61996e-11
3.15762e-11
3.80278e-11
4.57635e-11
5.50319e-11
6.61281e-11
7.94025e-11
9.52704e-11
1.14224e-10
1.36846e-10
1.63827e-10
1.9598e-10
2.34268e-10
2.79827e-10
3.33997e-10
3.98354e-10
4.74756e-10
5.65387e-10
6.72815e-10
8.00055e-10
9.50644e-10
1.12873e-09
1.33917e-09
1.58764e-09
1.88081e-09
2.22643e-09
2.63359e-09
3.11285e-09
3.67655e-09
4.33906e-09
5.1171e-09
6.03007e-09
7.10058e-09
8.35481e-09
9.82315e-09
1.15408e-08
1.35485e-08
1.58935e-08
1.86302e-08
2.18216e-08
2.55403e-08
2.987e-08
3.49071e-08
4.07627e-08
4.75643e-08
5.54586e-08
6.4614e-08
7.52233e-08
8.7508e-08
1.01721e-07
1.18153e-07
1.37134e-07
1.59042e-07
1.8431e-07
2.13429e-07
2.46959e-07
2.85538e-07
3.29891e-07
3.80841e-07
4.39323e-07
5.06397e-07
5.83262e-07
6.71279e-07
7.71984e-07
8.87114e-07
1.01863e-06
1.16874e-06
1.33994e-06
1.53503e-06
1.75717e-06
2.00991e-06
2.29722e-06
2.62357e-06
2.99397e-06
3.41401e-06
3.88997e-06
4.42886e-06
5.03849e-06
5.72758e-06
6.50587e-06
7.38418e-06
8.37455e-06
9.49036e-06
1.07465e-05
1.21594e-05
1.37473e-05
1.55305e-05
1.75313e-05
1.97744e-05
2.22872e-05
2.50996e-05
2.82448e-05
3.17592e-05
3.5683e-05
4.00601e-05
4.49389e-05
5.03724e-05
5.64185e-05
6.31406e-05
7.06082e-05
7.88969e-05
8.80892e-05
9.8275e-05
0.000109552
0.000122027
0.000135816
0.000151043
0.000167845
0.000186368
0.000206772
0.000229228
0.000253922
0.000281053
0.000310836
0.000343503
0.000379301
0.000418497
0.000461377
0.000508245
0.000559429
0.000615277
0.00067616
0.000742476
0.000814645
0.000893114
0.00097836
0.00107088
0.00117122
0.00127993
0.00139762
0.00152489
0.00166243
0.00181091
0.00197107
0.00214367
0.00232951
0.00252942
0.00274427
0.00297497
0.00322246
0.00348772
0.00377177
0.00407565
0.00440046
0.00474729
0.00511732
0.00551172
0.0059317
0.00637849
0.00685337
0.0073576
0.00789252
0.00845942
0.00905967
0.00969458
0.0103655
0.0110739
0.0118209
0.0126081
0.0134366
0.0143079
0.0152232
0.0161837
0.0171908
0.0182455
0.019349
0.0205023
0.0217066
0.0229626
0.0242713
0.0256334
0.0270496
0.0285204
0.0300464
0.0316277
0.0332648
0.0349576
0.0367061
0.0385101
0.0403692
0.0422828
0.0442503
0.0462708
0.0483432
0.0504664
0.0526389
0.054859
0.057125
0.0594348
0.0617863
0.064177
0.0666044
0.0690655
0.0715575
0.0740771
0.076621
0.0791855
0.0817669
0.0843613
0.0869647
0.0895727
0.092181
0.0947849
0.0973801
0.0999615
0.102524
0.105064
0.107575
0.110052
0.112491
0.114886
0.117232
0.119524
0.121756
0.123925
0.126025
0.12805
0.129997
0.13186
0.133635
0.135318
0.136905
0.138391
0.139773
0.141047
0.142211
0.14326
0.144192
0.145006
0.145697
0.146266
0.146709
0.147027
0.147217
0.14728
0.147214
0.147021
0.1467
0.146253
0.145679
0.144982
0.144161
0.14322
0.142161
0.140986
0.139699
0.138301
0.136798
0.135192
0.133487
0.131688
0.129798
0.127823
0.125767
0.123635
0.121432
0.119162
0.116831
0.114444
0.112007
0.109524
0.107001
0.104443
0.101855
0.0992433
0.0966121
0.0939667
0.0913121
0.0886532
0.0859946
0.083341
0.0806969
0.0780665
0.075454
0.0728633
0.0702983
0.0677625
0.0652592
0.0627917
0.0603629
0.0579756
0.0556323
0.0533354
0.0510869
0.0488888
0.0467427
0.0446502
0.0426126
0.0406309
0.0387061
0.0368387
0.0350294
0.0332785
0.0315862
0.0299525
0.0283772
0.0268601
0.0254007
0.0239985
0.0226529
0.021363
0.0201279
0.0189467
0.0178184
0.0167418
0.0157156
0.0147387
0.0138096
0.0129271
0.0120898
0.0112961
0.0105447
0.00983417
0.00916291
0.00852949
0.00793243
0.00737025
0.0068415
0.00634472
0.00587848
0.00544139
0.00503205
0.00464913
0.00429129
0.00395725
0.00364577
0.00335562
0.00308564
0.0028347
0.00260169
0.00238556
0.00218531
0.00199996
0.00182859
0.00167031
0.00152427
0.00138967
0.00126574
0.00115176
0.00104704
0.000950927
0.000862806
0.000782098
0.000708256
0.000640768
0.000579151
0.000522953
0.000471752
0.000425152
0.000382783
0.000344302
0.000309389
0.000277746
0.000249096
0.000223183
0.000199772
0.000178641
0.000159589
0.00014243
0.00012699
0.000113114
0.000100655
8.94796e-05
7.94669e-05
7.05051e-05
6.24923e-05
5.53354e-05
4.89496e-05
4.32579e-05
3.81901e-05
3.36826e-05
2.96776e-05
2.61228e-05
2.29708e-05
2.01791e-05
1.77089e-05
1.55256e-05
1.35979e-05
1.18976e-05
1.03995e-05
9.08083e-06
7.92144e-06
6.90312e-06
6.00965e-06
5.22654e-06
4.54089e-06
3.9412e-06
3.41724e-06
2.95994e-06
2.56123e-06
2.21398e-06
1.91187e-06
1.64929e-06
1.42133e-06
1.22363e-06
1.05235e-06
9.0412e-07
7.75974e-07
6.65307e-07
5.69838e-07
4.87566e-07
4.16743e-07
3.5584e-07
3.03525e-07
2.58633e-07
2.20153e-07
1.87204e-07
1.59021e-07
1.34941e-07
1.14388e-07
9.68648e-08
8.19405e-08
6.92432e-08
5.84524e-08
4.92915e-08
4.15229e-08
3.4942e-08
2.93732e-08
2.46659e-08
2.06913e-08
1.73388e-08
1.45141e-08
1.21368e-08
1.01381e-08
8.45963e-09
7.05155e-09
5.87158e-09
4.88387e-09
4.05799e-09
3.36817e-09
2.79263e-09
2.31296e-09
1.91363e-09
1.58154e-09
1.30568e-09
1.07678e-09
8.87057e-10
7.29972e-10
6.00056e-10
4.92729e-10
4.04161e-10
3.31154e-10
2.71041e-10
2.21599e-10
1.80978e-10
1.47643e-10
1.20317e-10
9.7941e-11
7.96393e-11
6.46866e-11
5.24838e-11
4.25362e-11
3.44362e-11
2.78479e-11
2.24952e-11
1.81514e-11
1.46301e-11
1.17789e-11
9.47285e-12
7.60981e-12
6.10638e-12
4.89452e-12
3.91879e-12
3.13407e-12
2.50368e-12
1.99785e-12
1.59243e-12
1.26786e-12
1.0083e-12
8.00982e-13
6.35571e-13
5.0375e-13
3.98818e-13
3.15386e-13
2.49125e-13
1.96561e-13
1.54912e-13
1.21949e-13
9.589e-14
7.53136e-14
5.90848e-14
4.63e-14
3.62399e-14
2.83331e-14
2.21259e-14
1.72587e-14
1.34466e-14
1.04644e-14
8.13419e-15
6.31553e-15
4.8978e-15
3.79391e-15
2.93539e-15
2.2685e-15
1.75107e-15
1.35009e-15
1.0397e-15
7.99737e-16
6.14433e-16
4.71509e-16
3.61404e-16
2.76684e-16
2.11573e-16
1.61593e-16
1.23273e-16
9.39287e-17
7.14844e-17
5.43383e-17
4.12556e-17
3.12853e-17
2.36961e-17
1.79263e-17
1.35452e-17
1.02225e-17
7.70554e-18
5.80131e-18
4.36237e-18
3.27638e-18
2.45775e-18
1.84143e-18
1.37798e-18
1.02991e-18
7.68826e-19
5.73224e-19
4.26863e-19
3.17482e-19
2.3584e-19
1.74976e-19
1.2966e-19
9.59614e-20
7.09332e-20
5.23678e-20
3.86135e-20
2.84364e-20
2.09155e-20
1.53646e-20
1.12728e-20
8.26031e-21
6.04529e-21
4.41868e-21
3.22568e-21
2.35181e-21
1.71252e-21
1.24543e-21
9.04591e-22
6.56198e-22
4.75406e-22
3.43986e-22
2.48579e-22
1.79404e-22
1.29313e-22
9.30888e-23
6.69258e-23
4.80542e-23
3.44595e-23
2.46789e-23
1.76514e-23
1.26087e-23
8.99497e-24
6.40859e-24
4.55994e-24
3.24033e-24
2.29959e-24
1.62984e-24
1.15363e-24
8.1549e-25
5.75702e-25
4.05886e-25
2.85783e-25
2.00952e-25
1.41115e-25
9.89639e-26
6.93109e-26
4.84782e-26
3.38619e-26
2.36207e-26
1.64548e-26
1.14475e-26
7.95317e-27
5.51805e-27
3.82334e-27
2.64553e-27
1.82807e-27
1.26148e-27
8.6932e-28
5.98252e-28
4.11145e-28
2.8217e-28
1.93389e-28
1.32359e-28
9.04642e-29
6.17448e-29
4.20846e-29
2.86447e-29
1.94698e-29
1.32152e-29
8.95741e-30
6.06294e-30
4.09804e-30
2.76604e-30
1.86437e-30
1.25485e-30
8.43415e-31
5.66077e-31
3.79397e-31
2.53919e-31
1.69699e-31
1.13252e-31
7.54726e-32
5.02241e-32
3.33743e-32
2.21456e-32
1.46736e-32
9.70867e-33
6.41438e-33
4.23175e-33
2.78776e-33
1.83382e-33
1.20455e-33
7.90061e-34
5.17439e-34
3.38392e-34
2.20974e-34
1.44086e-34
9.38131e-35
6.09903e-35
3.95925e-35
2.56638e-35
1.66104e-35
1.07348e-35
6.92714e-36
4.46338e-36
2.87159e-36
1.8447e-36
1.18324e-36
7.57815e-37
4.84614e-37
3.09434e-37
1.97278e-37
1.25582e-37
7.98195e-38
5.06555e-38
3.20979e-38
2.03075e-38
1.28282e-38
8.09106e-39
5.09531e-39
3.20376e-39
2.01129e-39
1.26069e-39
7.88977e-40
4.92989e-40
3.0756e-40
1.91576e-40
1.19141e-40
7.39773e-41
4.58631e-41
2.83875e-41
1.75443e-41
1.08264e-41
6.66878e-42
4.1016e-42
2.52094e-42
1.54703e-42
9.47278e-43
5.80138e-43
3.5593e-43
2.20004e-43
1.34525e-43
8.26766e-44
5.04467e-44
3.36312e-44
2.24208e-44
1.54143e-44
1.4013e-44
1.4013e-44
1.4013e-44
1.4013e-44
1.4013e-44
1.4013e-44
1.4013e-44
1.4013e-44
1.4013e-44
1.4013e-44
1.4013e-44
1.4013e-44
1.4013e-44
1.4013e-44
1.4013e-44
1.26117e-44
8.40779e-45
8.40779e-45
8.40779e-45
8.40779e-45
8.40779e-45
8.40779e-45
8.40779e-45
8.40779e-45
8.40779e-45
8.40779e-45
8.40779e-45
8.40779e-45
8.40779e-45
8.40779e-45
8.40779e-45
8.40779e-45
8.40779e-45
8.40779e-45
8.40779e-45
8.40779e-45
8.40779e-45
8.40779e-45
8.40779e-45
8.40779e-45
8.40779e-45
8.40779e-45
8.40779e-45
8.40779e-45
8.40779e-45
8.40779e-45
8.40779e-45
8.40779e-45
8.40779e-45
8.40779e-45
8.40779e-45
8.40779e-45
8.40779e-45
8.40779e-45
8.40779e-45
9.80909e-45
1.54143e-44
2.10195e-44
3.08286e-44
4.34403e-44
6.5861e-44
9.52883e-44
1.37327e-43
1.98984e-43
2.87266e-43
4.23192e-43
6.08164e-43
8.80015e-43
1.27518e-42
1.84271e-42
2.66387e-42
3.84656e-42
5.54914e-42
8.00282e-42
1.15327e-41
1.66068e-41
2.38949e-41
3.4364e-41
4.93818e-41
7.09155e-41
1.01771e-40
1.45952e-40
2.09172e-40
2.99571e-40
4.28748e-40
6.1321e-40
8.76441e-40
1.25181e-39
1.78674e-39
2.54853e-39
3.63262e-39
5.17436e-39
7.36542e-39
1.04771e-38
1.48933e-38
2.11566e-38
3.00333e-38
4.26055e-38
6.03993e-38
8.55661e-38
1.21137e-37
1.71377e-37
2.4229e-37
3.42311e-37
4.83291e-37
6.8187e-37
9.61384e-37
1.35455e-36
1.90721e-36
2.68351e-36
3.77322e-36
5.30181e-36
7.44455e-36
1.04461e-35
1.46479e-35
2.05257e-35
2.87425e-35
4.02209e-35
5.62448e-35
7.85987e-35
1.09762e-34
1.53175e-34
2.13612e-34
2.97692e-34
4.14582e-34
5.76973e-34
8.02421e-34
1.11519e-33
1.54882e-33
2.14957e-33
2.98129e-33
4.13198e-33
5.72287e-33
7.92082e-33
1.09554e-32
1.51421e-32
2.09144e-32
2.88673e-32
3.98168e-32
5.48817e-32
7.55943e-32
1.04052e-31
1.43125e-31
1.96733e-31
2.70234e-31
3.70939e-31
5.08821e-31
6.97474e-31
9.55411e-31
1.30783e-30
1.78902e-30
2.44554e-30
3.34069e-30
4.56032e-30
6.22092e-30
8.48033e-30
1.15523e-29
1.57263e-29
2.13934e-29
2.90826e-29
3.95081e-29
5.36336e-29
7.27588e-29
9.86354e-29
1.33622e-28
1.80893e-28
2.44717e-28
3.30829e-28
4.46931e-28
6.03359e-28
8.1397e-28
1.09733e-27
1.47831e-27
1.99017e-27
2.6774e-27
3.59942e-27
4.83558e-27
6.49175e-27
8.70906e-27
1.16756e-26
1.56416e-26
2.09402e-26
2.80141e-26
3.74515e-26
5.00331e-26
6.67947e-26
8.91092e-26
1.18795e-25
1.5826e-25
2.10687e-25
2.80286e-25
3.72615e-25
4.9501e-25
6.57147e-25
8.7178e-25
1.1557e-24
1.53102e-24
2.02679e-24
2.68122e-24
3.54446e-24
4.68233e-24
6.18115e-24
8.15398e-24
1.07489e-23
1.41597e-23
1.86396e-23
2.45196e-23
3.22317e-23
4.23396e-23
5.55781e-23
7.29044e-23
9.55647e-23
1.2518e-22
1.63856e-22
2.14331e-22
2.80157e-22
3.65939e-22
4.77649e-22
6.23018e-22
8.12055e-22
1.0577e-21
1.37667e-21
1.79057e-21
2.32726e-21
3.02265e-21
3.92305e-21
5.08804e-21
6.5943e-21
8.5404e-21
1.1053e-20
1.42945e-20
1.84736e-20
2.38575e-20
3.07885e-20
3.97047e-20
5.11665e-20
6.58901e-20
8.47899e-20
1.09033e-19
1.40108e-19
1.7991e-19
2.30855e-19
2.96013e-19
3.79292e-19
4.85651e-19
6.2139e-19
7.94499e-19
1.0151e-18
1.29604e-18
1.65353e-18
2.10812e-18
2.68576e-18
3.41921e-18
4.34984e-18
5.52979e-18
7.02477e-18
8.91749e-18
1.1312e-17
1.43392e-17
1.81635e-17
2.29911e-17
2.90807e-17
3.67569e-17
4.64257e-17
5.85957e-17
7.39024e-17
9.31403e-17
1.17301e-16
1.47623e-16
1.85648e-16
2.333e-16
2.9297e-16
3.67635e-16
4.60994e-16
5.77643e-16
7.23284e-16
9.04988e-16
1.13152e-15
1.41372e-15
1.76503e-15
2.20204e-15
2.74524e-15
3.41996e-15
4.2574e-15
5.29606e-15
6.5833e-15
8.17746e-15
1.01502e-14
1.25898e-14
1.56042e-14
1.93263e-14
2.39187e-14
2.95809e-14
3.65565e-14
4.51442e-14
5.57084e-14
6.86945e-14
8.46456e-14
1.04224e-13
1.28237e-13
1.57667e-13
1.93709e-13
2.37815e-13
2.91749e-13
3.57652e-13
4.38119e-13
5.36296e-13
6.55989e-13
8.01806e-13
9.79313e-13
