5.68608e-13
5.75935e-13
5.90676e-13
6.13006e-13
6.43194e-13
6.81599e-13
7.28678e-13
7.84992e-13
8.51209e-13
9.28112e-13
1.01661e-12
1.11775e-12
1.23271e-12
1.36285e-12
1.50968e-12
1.67491e-12
1.86046e-12
2.06846e-12
2.30132e-12
2.56171e-12
2.85259e-12
3.17727e-12
3.53944e-12
3.94318e-12
4.39301e-12
4.89398e-12
5.45167e-12
6.07225e-12
6.76257e-12
7.53024e-12
8.38363e-12
9.33206e-12
1.03858e-11
1.15562e-11
1.2856e-11
1.42988e-11
1.59003e-11
1.76772e-11
1.96485e-11
2.18347e-11
2.42588e-11
2.6946e-11
2.9924e-11
3.32238e-11
3.6879e-11
4.0927e-11
4.54091e-11
5.03705e-11
5.58613e-11
6.19364e-11
6.86566e-11
7.60885e-11
8.43057e-11
9.33888e-11
1.03427e-10
1.14518e-10
1.26769e-10
1.40299e-10
1.55237e-10
1.71726e-10
1.89924e-10
2.10001e-10
2.32148e-10
2.56572e-10
2.835e-10
3.13183e-10
3.45894e-10
3.81935e-10
4.21634e-10
4.65353e-10
5.13488e-10
5.66472e-10
6.2478e-10
6.88931e-10
7.59496e-10
8.37097e-10
9.22415e-10
1.0162e-09
1.11926e-09
1.23248e-09
1.35686e-09
1.49344e-09
1.64339e-09
1.80799e-09
1.98861e-09
2.18678e-09
2.40415e-09
2.64252e-09
2.90385e-09
3.1903e-09
3.50421e-09
3.84812e-09
4.22481e-09
4.63732e-09
5.08894e-09
5.58326e-09
6.12419e-09
6.716e-09
7.36331e-09
8.07115e-09
8.84502e-09
9.69087e-09
1.06152e-08
1.1625e-08
1.27279e-08
1.39323e-08
1.52472e-08
1.66823e-08
1.82484e-08
1.99569e-08
2.18203e-08
2.38523e-08
2.60675e-08
2.8482e-08
3.11129e-08
3.39791e-08
3.71008e-08
4.05001e-08
4.42007e-08
4.82284e-08
5.2611e-08
5.73787e-08
6.25642e-08
6.82027e-08
7.43324e-08
8.09944e-08
8.82332e-08
9.6097e-08
1.04638e-07
1.13911e-07
1.23979e-07
1.34904e-07
1.4676e-07
1.5962e-07
1.73568e-07
1.88691e-07
2.05085e-07
2.22853e-07
2.42104e-07
2.62958e-07
2.85543e-07
3.09996e-07
3.36467e-07
3.65114e-07
3.9611e-07
4.29639e-07
4.65899e-07
5.05104e-07
5.47482e-07
5.9328e-07
6.42762e-07
6.96211e-07
7.53933e-07
8.16253e-07
8.83522e-07
9.56116e-07
1.03444e-06
1.11892e-06
1.21002e-06
1.30824e-06
1.41411e-06
1.5282e-06
1.65112e-06
1.78351e-06
1.92608e-06
2.07957e-06
2.24477e-06
2.42255e-06
2.6138e-06
2.81951e-06
3.04071e-06
3.27852e-06
3.53411e-06
3.80876e-06
4.10381e-06
4.4207e-06
4.76098e-06
5.12627e-06
5.51833e-06
5.93901e-06
6.3903e-06
6.87431e-06
7.39329e-06
7.94962e-06
8.54586e-06
9.18472e-06
9.86908e-06
1.0602e-05
1.13867e-05
1.22268e-05
1.31258e-05
1.40876e-05
1.51165e-05
1.62169e-05
1.73933e-05
1.86508e-05
1.99946e-05
2.14304e-05
2.2964e-05
2.46017e-05
2.63502e-05
2.82165e-05
3.02081e-05
3.23328e-05
3.45991e-05
3.70157e-05
3.9592e-05
4.2338e-05
4.5264e-05
4.83812e-05
5.17013e-05
5.52365e-05
5.89999e-05
6.30054e-05
6.72673e-05
7.18011e-05
7.6623e-05
8.17499e-05
8.71999e-05
9.2992e-05
9.91461e-05
0.000105683
0.000112626
0.000119997
0.000127821
0.000136124
0.000144933
0.000154277
0.000164186
0.000174692
0.000185827
0.000197626
0.000210127
0.000223367
0.000237387
0.000252229
0.000267938
0.000284561
0.000302145
0.000320742
0.000340407
0.000361194
0.000383163
0.000406375
0.000430894
0.000456788
0.000484128
0.000512987
0.000543441
0.000575572
0.000609462
0.000645201
0.000682879
0.000722592
0.000764439
0.000808525
0.000854957
0.000903849
0.000955318
0.00100949
0.00106648
0.00112644
0.0011895
0.00125579
0.00132548
0.00139872
0.00147566
0.00155648
0.00164136
0.00173046
0.00182398
0.00192212
0.00202507
0.00213305
0.00224628
0.00236497
0.00248937
0.0026197
0.00275624
0.00289922
0.00304892
0.00320562
0.0033696
0.00354116
0.0037206
0.00390824
0.0041044
0.00430943
0.00452366
0.00474745
0.00498117
0.0052252
0.00547994
0.00574577
0.00602313
0.00631242
0.0066141
0.00692861
0.00725642
0.00759799
0.00795382
0.00832441
0.00871028
0.00911194
0.00952995
0.00996485
0.0104172
0.0108876
0.0113767
0.0118849
0.0124131
0.0129618
0.0135316
0.0141232
0.0147373
0.0153747
0.0160359
0.0167217
0.0174328
0.01817
0.0189341
0.0197258
0.0205459
0.0213952
0.0222745
0.0231846
0.0241264
0.0251007
0.0261084
0.0271503
0.0282274
0.0293404
0.0304904
0.0316782
0.0329047
0.0341709
0.0354777
0.036826
0.0382168
0.0396511
0.0411298
0.0426539
0.0442243
0.0458421
0.0475081
0.0492235
0.0509891
0.0528059
0.054675
0.0565973
0.0585738
0.0606054
0.0626931
0.0648379
0.0670408
0.0693026
0.0716243
0.0740069
0.0764512
0.0789582
0.0815287
0.0841637
0.0868639
0.0896303
0.0924636
0.0953646
0.0983342
0.101373
0.104482
0.107661
0.110912
0.114235
0.117631
0.121099
0.124642
0.128259
0.13195
0.135717
0.139559
0.143477
0.147472
0.151543
0.155691
0.159915
0.164217
0.168596
0.173052
0.177585
0.182195
0.186882
0.191646
0.196486
0.201403
0.206395
0.211463
0.216605
0.221822
0.227112
0.232475
0.237911
0.243418
0.248995
0.254642
0.260358
0.26614
0.271989
0.277903
0.283881
0.28992
0.296021
0.302181
0.308398
0.314671
0.320998
0.327378
0.333808
0.340286
0.346811
0.35338
0.359991
0.366642
0.37333
0.380053
0.386809
0.393595
0.400408
0.407246
0.414106
0.420986
0.427881
0.43479
0.44171
0.448637
0.455568
0.4625
0.469431
0.476356
0.483273
0.490179
0.497069
0.50394
0.51079
0.517615
0.52441
0.531174
0.537901
0.544589
0.551234
0.557832
0.56438
0.570875
0.577312
0.583688
0.589999
0.596243
0.602414
0.60851
0.614527
0.620462
0.62631
0.632069
0.637735
0.643305
0.648775
0.654141
0.659401
0.664552
0.669589
0.67451
0.679312
0.683991
0.688545
0.692971
0.697266
0.701426
0.705451
0.709335
0.713078
0.716677
0.72013
0.723433
0.726585
0.729584
0.732427
0.735114
0.737642
0.740008
0.742213
0.744254
0.74613
0.747839
0.749381
0.750754
0.751957
0.75299
0.753852
0.754543
0.755061
0.755407
0.75558
0.75558
0.755407
0.755061
0.754543
0.753852
0.75299
0.751957
0.750754
0.749381
0.747839
0.74613
0.744254
0.742213
0.740008
0.737642
0.735114
0.732427
0.729584
0.726585
0.723433
0.72013
0.716677
0.713078
0.709335
0.705451
0.701426
0.697266
0.692971
0.688545
0.683991
0.679312
0.67451
0.669589
0.664552
0.659401
0.654141
0.648775
0.643305
0.637735
0.632069
0.62631
0.620462
0.614527
0.60851
0.602414
0.596243
0.589999
0.583688
0.577312
0.570875
0.56438
0.557832
0.551234
0.544589
0.537901
0.531174
0.52441
0.517615
0.51079
0.50394
0.497069
0.490179
0.483273
0.476356
0.469431
0.4625
0.455568
0.448637
0.44171
0.43479
0.427881
0.420986
0.414106
0.407246
0.400408
0.393595
0.386809
0.380053
0.37333
0.366642
0.359991
0.35338
0.346811
0.340286
0.333808
0.327378
0.320998
0.314671
0.308398
0.302181
0.296021
0.28992
0.283881
0.277903
0.271989
0.26614
0.260358
0.254642
0.248995
0.243418
0.237911
0.232475
0.227112
0.221822
0.216605
0.211463
0.206395
0.201403
0.196486
0.191646
0.186882
0.182195
0.177585
0.173052
0.168596
0.164217
0.159915
0.155691
0.151543
0.147472
0.143477
0.139559
0.135717
0.13195
0.128259
0.124642
0.121099
0.117631
0.114235
0.110912
0.107661
0.104482
0.101373
0.0983342
0.0953646
0.0924636
0.0896303
0.0868639
0.0841637
0.0815287
0.0789582
0.0764512
0.0740069
0.0716243
0.0693026
0.0670408
0.0648379
0.0626931
0.0606054
0.0585738
0.0565973
0.054675
0.0528059
0.0509891
0.0492235
0.0475081
0.0458421
0.0442243
0.0426539
0.0411298
0.0396511
0.0382168
0.036826
0.0354777
0.0341709
0.0329047
0.0316782
0.0304904
0.0293404
0.0282274
0.0271503
0.0261084
0.0251007
0.0241264
0.0231846
0.0222745
0.0213952
0.0205459
0.0197258
0.0189341
0.01817
0.0174328
0.0167217
0.0160359
0.0153747
0.0147373
0.0141232
0.0135316
0.0129618
0.0124131
0.0118849
0.0113767
0.0108876
0.0104172
0.00996485
0.00952995
0.00911194
0.00871028
0.00832441
0.00795382
0.00759799
0.00725642
0.00692861
0.0066141
0.00631242
0.00602313
0.00574577
0.00547994
0.0052252
0.00498117
0.00474745
0.00452366
0.00430943
0.0041044
0.00390824
0.0037206
0.00354116
0.0033696
0.00320562
0.00304892
0.00289922
0.00275624
0.0026197
0.00248937
0.00236497
0.00224628
0.00213305
0.00202507
0.00192212
0.00182398
0.00173046
0.00164136
0.00155648
0.00147566
0.00139872
0.00132548
0.00125579
0.0011895
0.00112644
0.00106648
0.00100949
0.000955318
0.000903849
0.000854957
0.000808525
0.000764439
0.000722592
0.000682879
0.000645201
0.000609462
0.000575572
0.000543441
0.000512987
0.000484128
0.000456788
0.000430894
0.000406375
0.000383163
0.000361194
0.000340407
0.000320742
0.000302145
0.000284561
0.000267938
0.000252229
0.000237387
0.000223367
0.000210127
0.000197626
0.000185827
0.000174692
0.000164186
0.000154277
0.000144933
0.000136124
0.000127821
0.000119997
0.000112626
0.000105683
9.91461e-05
9.2992e-05
8.71999e-05
8.17499e-05
7.6623e-05
7.18011e-05
6.72673e-05
6.30054e-05
5.89999e-05
5.52365e-05
5.17013e-05
4.83812e-05
4.5264e-05
4.2338e-05
3.9592e-05
3.70157e-05
3.45991e-05
3.23328e-05
3.02081e-05
2.82165e-05
2.63502e-05
2.46017e-05
2.2964e-05
2.14304e-05
1.99946e-05
1.86508e-05
1.73933e-05
1.62169e-05
1.51165e-05
1.40876e-05
1.31258e-05
1.22268e-05
1.13867e-05
1.0602e-05
9.86908e-06
9.18472e-06
8.54586e-06
7.94962e-06
7.39329e-06
6.87431e-06
6.3903e-06
5.93901e-06
5.51833e-06
5.12627e-06
4.76098e-06
4.4207e-06
4.10381e-06
3.80876e-06
3.53411e-06
3.27852e-06
3.04071e-06
2.81951e-06
2.6138e-06
2.42255e-06
2.24477e-06
2.07957e-06
1.92608e-06
1.78351e-06
1.65112e-06
1.5282e-06
1.41411e-06
1.30824e-06
1.21002e-06
1.11892e-06
1.03444e-06
9.56116e-07
8.83522e-07
8.16253e-07
7.53933e-07
6.96211e-07
6.42762e-07
5.9328e-07
5.47482e-07
5.05104e-07
4.65899e-07
4.29639e-07
3.9611e-07
3.65114e-07
3.36467e-07
3.09996e-07
2.85543e-07
2.62958e-07
2.42104e-07
2.22853e-07
2.05085e-07
1.88691e-07
1.73568e-07
1.5962e-07
1.4676e-07
1.34904e-07
1.23979e-07
1.13911e-07
1.04638e-07
9.6097e-08
8.82332e-08
8.09944e-08
7.43324e-08
6.82027e-08
6.25642e-08
5.73787e-08
5.2611e-08
4.82284e-08
4.42007e-08
4.05001e-08
3.71008e-08
3.39791e-08
3.11129e-08
2.8482e-08
2.60675e-08
2.38523e-08
2.18203e-08
1.99569e-08
1.82484e-08
1.66823e-08
1.52472e-08
1.39323e-08
1.27279e-08
1.1625e-08
1.06152e-08
9.69087e-09
8.84502e-09
8.07115e-09
7.36331e-09
6.716e-09
6.12419e-09
5.58326e-09
5.08894e-09
4.63732e-09
4.22481e-09
3.84812e-09
3.50421e-09
3.1903e-09
2.90385e-09
2.64252e-09
2.40415e-09
2.18678e-09
1.98861e-09
1.80799e-09
1.64339e-09
1.49344e-09
1.35686e-09
1.23248e-09
1.11926e-09
1.0162e-09
9.22415e-10
8.37097e-10
7.59496e-10
6.88931e-10
6.2478e-10
5.66472e-10
5.13488e-10
4.65353e-10
4.21634e-10
3.81935e-10
3.45894e-10
3.13183e-10
2.835e-10
2.56572e-10
2.32148e-10
2.10001e-10
1.89924e-10
1.71726e-10
1.55237e-10
1.40299e-10
1.26769e-10
1.14518e-10
1.03427e-10
9.33888e-11
8.43057e-11
7.60885e-11
6.86566e-11
6.19364e-11
5.58613e-11
5.03705e-11
4.54091e-11
4.0927e-11
3.6879e-11
3.32238e-11
2.9924e-11
2.6946e-11
2.42588e-11
2.18347e-11
1.96485e-11
1.76772e-11
1.59003e-11
1.42988e-11
1.2856e-11
1.15562e-11
1.03858e-11
9.33206e-12
8.38363e-12
7.53024e-12
6.76257e-12
6.07225e-12
5.45167e-12
4.89398e-12
4.39301e-12
3.94318e-12
3.53944e-12
3.17727e-12
2.85259e-12
2.56171e-12
2.30132e-12
2.06846e-12
1.86046e-12
1.67491e-12
1.50968e-12
1.36285e-12
1.23271e-12
1.11775e-12
1.01661e-12
9.28112e-13
8.51209e-13
7.84992e-13
7.28678e-13
6.81599e-13
6.43194e-13
6.13006e-13
5.90676e-13
5.75935e-13
5.68608e-13
