1.5276e-37
1.70463e-37
2.07868e-37
2.6919e-37
3.61325e-37
4.94603e-37
6.83917e-37
9.50336e-37
1.3234e-36
1.84427e-36
2.57022e-36
3.58065e-36
4.98566e-36
6.93759e-36
9.64718e-36
1.34056e-35
1.8615e-35
2.58301e-35
3.58158e-35
4.9626e-35
6.87113e-35
9.50675e-35
1.31438e-34
1.81592e-34
2.50701e-34
3.4586e-34
4.76794e-34
6.56821e-34
9.04168e-34
1.24376e-33
1.70967e-33
2.34839e-33
3.22343e-33
4.4213e-33
6.05997e-33
8.29996e-33
1.13598e-32
1.55364e-32
2.12333e-32
2.89982e-32
3.95744e-32
5.39689e-32
7.35463e-32
1.00153e-31
1.36288e-31
1.85327e-31
2.51831e-31
3.41953e-31
4.63995e-31
6.29141e-31
8.52455e-31
1.15421e-30
1.56166e-30
2.11142e-30
2.85269e-30
3.85145e-30
5.19616e-30
7.00537e-30
9.43776e-30
1.27056e-29
1.70929e-29
2.29785e-29
3.08689e-29
4.1439e-29
5.55889e-29
7.45174e-29
9.98202e-29
1.33619e-28
1.78736e-28
2.38916e-28
3.19132e-28
4.25977e-28
5.6819e-28
7.57343e-28
1.00875e-27
1.34266e-27
1.78583e-27
2.3736e-27
3.15258e-27
4.18425e-27
5.5496e-27
7.35526e-27
9.74152e-27
1.28928e-26
1.70515e-26
2.25357e-26
2.97626e-26
3.92794e-26
5.18028e-26
6.82706e-26
8.991e-26
1.18325e-25
1.5561e-25
2.045e-25
2.68562e-25
3.52443e-25
4.62197e-25
6.05703e-25
7.93207e-25
1.03803e-24
1.35745e-24
1.77393e-24
2.31656e-24
3.02305e-24
3.94222e-24
5.13728e-24
6.68991e-24
8.70569e-24
1.13209e-23
1.47115e-23
1.9104e-23
2.47908e-23
3.21479e-23
4.16592e-23
5.39467e-23
6.98097e-23
9.02739e-23
1.16656e-22
1.50642e-22
1.94394e-22
2.50678e-22
3.23033e-22
4.15983e-22
5.35304e-22
6.88371e-22
8.8459e-22
1.13595e-21
1.45772e-21
1.86933e-21
2.3955e-21
3.06764e-21
3.92564e-21
5.02013e-21
6.4153e-21
8.19252e-21
1.04548e-20
1.33326e-20
1.69906e-20
2.16374e-20
2.75358e-20
3.50179e-20
4.45022e-20
5.65161e-20
7.17235e-20
9.09599e-20
1.15276e-19
1.45991e-19
1.84762e-19
2.33668e-19
2.95315e-19
3.72969e-19
4.70716e-19
5.9367e-19
7.48223e-19
9.42361e-19
1.18605e-18
1.49173e-18
1.8749e-18
2.35487e-18
2.95567e-18
3.7072e-18
4.64661e-18
5.82006e-18
7.28484e-18
9.11199e-18
1.13896e-17
1.42267e-17
1.77583e-17
2.21513e-17
2.76121e-17
3.43955e-17
4.28159e-17
5.32612e-17
6.62092e-17
8.22484e-17
1.02103e-16
1.26664e-16
1.57025e-16
1.9453e-16
2.40828e-16
2.9794e-16
3.68345e-16
4.55075e-16
5.61842e-16
6.93183e-16
8.54642e-16
1.05299e-15
1.29648e-15
1.59519e-15
1.96138e-15
2.40998e-15
2.95917e-15
3.63102e-15
4.45237e-15
5.4558e-15
6.6808e-15
8.17527e-15
9.99724e-15
1.22169e-14
1.49193e-14
1.8207e-14
2.2204e-14
2.70601e-14
3.29558e-14
4.01088e-14
4.87811e-14
5.92881e-14
7.20092e-14
8.74004e-14
1.06009e-13
1.28493e-13
1.55639e-13
1.88393e-13
2.27885e-13
2.75467e-13
3.3276e-13
4.01695e-13
4.84583e-13
5.84178e-13
7.03765e-13
8.47258e-13
1.01932e-12
1.22549e-12
1.47236e-12
1.76777e-12
2.12101e-12
2.54311e-12
3.04716e-12
3.64863e-12
4.36588e-12
5.2206e-12
6.23842e-12
7.44964e-12
8.89002e-12
1.06017e-11
1.26345e-11
1.50468e-11
1.79077e-11
2.12981e-11
2.53133e-11
3.00651e-11
3.56849e-11
4.23266e-11
5.01707e-11
5.94284e-11
7.03469e-11
8.32153e-11
9.83714e-11
1.1621e-10
1.3719e-10
1.61849e-10
1.90813e-10
2.24808e-10
2.64681e-10
3.11417e-10
3.6616e-10
4.30235e-10
5.05184e-10
5.92791e-10
6.95123e-10
8.14573e-10
9.53909e-10
1.11633e-09
1.30553e-09
1.52576e-09
1.78196e-09
2.07978e-09
2.42574e-09
2.82736e-09
3.29327e-09
3.83337e-09
4.45907e-09
5.18342e-09
6.02141e-09
6.99017e-09
8.10938e-09
9.40148e-09
1.08922e-08
1.26108e-08
1.45908e-08
1.68703e-08
1.9493e-08
2.25084e-08
2.59728e-08
2.99504e-08
3.45141e-08
3.97467e-08
4.57419e-08
5.26063e-08
6.04604e-08
6.94407e-08
7.97016e-08
9.14177e-08
1.04786e-07
1.20029e-07
1.37398e-07
1.57176e-07
1.7968e-07
2.05269e-07
2.34347e-07
2.67365e-07
3.04833e-07
3.47319e-07
3.95463e-07
4.49981e-07
5.11673e-07
5.81436e-07
6.60272e-07
7.49297e-07
8.4976e-07
9.63051e-07
1.09072e-06
1.23449e-06
1.39629e-06
1.57824e-06
1.78271e-06
2.01234e-06
2.27003e-06
2.55902e-06
2.88289e-06
3.24559e-06
3.65149e-06
4.10543e-06
4.61273e-06
5.17928e-06
5.81156e-06
6.51669e-06
7.30254e-06
8.17771e-06
9.1517e-06
1.02349e-05
1.14387e-05
1.27757e-05
1.42594e-05
1.59049e-05
1.77285e-05
1.97481e-05
2.19833e-05
2.44552e-05
2.7187e-05
3.02039e-05
3.35335e-05
3.72054e-05
4.1252e-05
4.57085e-05
5.0613e-05
5.60066e-05
6.19339e-05
6.84433e-05
7.55867e-05
8.34205e-05
9.20053e-05
0.000101406
0.000111694
0.000122945
0.000135239
0.000148664
0.000163313
0.000179288
0.000196695
0.00021565
0.000236275
0.000258702
0.000283071
0.000309531
0.00033824
0.000369368
0.000403095
0.000439611
0.000479118
0.000521831
0.000567977
0.000617796
0.000671542
0.000729481
0.000791897
0.000859087
0.000931363
0.00100905
0.0010925
0.00118208
0.00127815
0.00138112
0.00149141
0.00160943
0.00173566
0.00187055
0.0020146
0.00216831
0.00233221
0.00250685
0.00269279
0.00289062
0.00310094
0.00332437
0.00356156
0.00381316
0.00407984
0.0043623
0.00466126
0.00497742
0.00531153
0.00566433
0.0060366
0.0064291
0.00684263
0.00727796
0.00773589
0.00821723
0.00872279
0.00925336
0.00980975
0.0103928
0.0110032
0.0116418
0.0123094
0.0130067
0.0137345
0.0144935
0.0152844
0.0161078
0.0169645
0.017855
0.0187799
0.0197397
0.020735
0.0217661
0.0228335
0.0239375
0.0250785
0.0262565
0.0274719
0.0287246
0.0300148
0.0313423
0.0327071
0.0341089
0.0355474
0.0370223
0.038533
0.0400792
0.0416599
0.0432747
0.0449225
0.0466025
0.0483136
0.0500547
0.0518245
0.0536216
0.0554448
0.0572923
0.0591625
0.0610537
0.0629641
0.0648917
0.0668344
0.0687901
0.0707567
0.0727317
0.0747129
0.0766978
0.0786837
0.0806682
0.0826485
0.0846218
0.0865856
0.0885368
0.0904727
0.0923903
0.0942867
0.0961589
0.0980041
0.0998192
0.101601
0.103347
0.105055
0.10672
0.108341
0.109915
0.111438
0.112908
0.114323
0.115679
0.116975
0.118208
0.119376
0.120477
0.121507
0.122467
0.123353
0.124164
0.124898
0.125555
0.126132
0.126629
0.127045
0.127378
0.127629
0.127796
0.12788
0.12788
0.127796
0.127629
0.127378
0.127045
0.126629
0.126132
0.125555
0.124898
0.124164
0.123353
0.122467
0.121507
0.120477
0.119376
0.118208
0.116975
0.115679
0.114323
0.112908
0.111438
0.109915
0.108341
0.10672
0.105055
0.103347
0.101601
0.0998192
0.0980041
0.0961589
0.0942867
0.0923903
0.0904727
0.0885368
0.0865856
0.0846218
0.0826485
0.0806682
0.0786837
0.0766978
0.0747129
0.0727317
0.0707567
0.0687901
0.0668344
0.0648917
0.0629641
0.0610537
0.0591625
0.0572923
0.0554448
0.0536216
0.0518245
0.0500547
0.0483136
0.0466025
0.0449225
0.0432747
0.0416599
0.0400792
0.038533
0.0370223
0.0355474
0.0341089
0.0327071
0.0313423
0.0300148
0.0287246
0.0274719
0.0262565
0.0250785
0.0239375
0.0228335
0.0217661
0.020735
0.0197397
0.0187799
0.017855
0.0169645
0.0161078
0.0152844
0.0144935
0.0137345
0.0130067
0.0123094
0.0116418
0.0110032
0.0103928
0.00980975
0.00925336
0.00872279
0.00821723
0.00773589
0.00727796
0.00684263
0.0064291
0.0060366
0.00566433
0.00531153
0.00497742
0.00466126
0.0043623
0.00407984
0.00381316
0.00356156
0.00332437
0.00310094
0.00289062
0.00269279
0.00250685
0.00233221
0.00216831
0.0020146
0.00187055
0.00173566
0.00160943
0.00149141
0.00138112
0.00127815
0.00118208
0.0010925
0.00100905
0.000931363
0.000859087
0.000791897
0.000729481
0.000671542
0.000617796
0.000567977
0.000521831
0.000479118
0.000439611
0.000403095
0.000369368
0.00033824
0.000309531
0.000283071
0.000258702
0.000236275
0.00021565
0.000196695
0.000179288
0.000163313
0.000148664
0.000135239
0.000122945
0.000111694
0.000101406
9.20053e-05
8.34205e-05
7.55867e-05
6.84433e-05
6.19339e-05
5.60066e-05
5.0613e-05
4.57085e-05
4.1252e-05
3.72054e-05
3.35335e-05
3.02039e-05
2.7187e-05
2.44552e-05
2.19833e-05
1.97481e-05
1.77285e-05
1.59049e-05
1.42594e-05
1.27757e-05
1.14387e-05
1.02349e-05
9.1517e-06
8.17771e-06
7.30254e-06
6.51669e-06
5.81156e-06
5.17928e-06
4.61273e-06
4.10543e-06
3.65149e-06
3.24559e-06
2.88289e-06
2.55902e-06
2.27003e-06
2.01234e-06
1.78271e-06
1.57824e-06
1.39629e-06
1.23449e-06
1.09072e-06
9.63051e-07
8.4976e-07
7.49297e-07
6.60272e-07
5.81436e-07
5.11673e-07
4.49981e-07
3.95463e-07
3.47319e-07
3.04833e-07
2.67365e-07
2.34347e-07
2.05269e-07
1.7968e-07
1.57176e-07
1.37398e-07
1.20029e-07
1.04786e-07
9.14177e-08
7.97016e-08
6.94407e-08
6.04604e-08
5.26063e-08
4.57419e-08
3.97467e-08
3.45141e-08
2.99504e-08
2.59728e-08
2.25084e-08
1.9493e-08
1.68703e-08
1.45908e-08
1.26108e-08
1.08922e-08
9.40148e-09
8.10938e-09
6.99017e-09
6.02141e-09
5.18342e-09
4.45907e-09
3.83337e-09
3.29327e-09
2.82736e-09
2.42574e-09
2.07978e-09
1.78196e-09
1.52576e-09
1.30553e-09
1.11633e-09
9.53909e-10
8.14573e-10
6.95123e-10
5.92791e-10
5.05184e-10
4.30235e-10
3.6616e-10
3.11417e-10
2.64681e-10
2.24808e-10
1.90813e-10
1.61849e-10
1.3719e-10
1.1621e-10
9.83714e-11
8.32153e-11
7.03469e-11
5.94284e-11
5.01707e-11
4.23266e-11
3.56849e-11
3.00651e-11
2.53133e-11
2.12981e-11
1.79077e-11
1.50468e-11
1.26345e-11
1.06017e-11
8.89002e-12
7.44964e-12
6.23842e-12
5.2206e-12
4.36588e-12
3.64863e-12
3.04716e-12
2.54311e-12
2.12101e-12
1.76777e-12
1.47236e-12
1.22549e-12
1.01932e-12
8.47258e-13
7.03765e-13
5.84178e-13
4.84583e-13
4.01695e-13
3.3276e-13
2.75467e-13
2.27885e-13
1.88393e-13
1.55639e-13
1.28493e-13
1.06009e-13
8.74004e-14
7.20092e-14
5.92881e-14
4.87811e-14
4.01088e-14
3.29558e-14
2.70601e-14
2.2204e-14
1.8207e-14
1.49193e-14
1.22169e-14
9.99724e-15
8.17527e-15
6.6808e-15
5.4558e-15
4.45237e-15
3.63102e-15
2.95917e-15
2.40998e-15
1.96138e-15
1.59519e-15
1.29648e-15
1.05299e-15
8.54642e-16
6.93183e-16
5.61842e-16
4.55075e-16
3.68345e-16
2.9794e-16
2.40828e-16
1.9453e-16
1.57025e-16
1.26664e-16
1.02103e-16
8.22484e-17
6.62092e-17
5.32612e-17
4.28159e-17
3.43955e-17
2.76121e-17
2.21513e-17
1.77583e-17
1.42267e-17
1.13896e-17
9.11199e-18
7.28484e-18
5.82006e-18
4.64661e-18
3.7072e-18
2.95567e-18
2.35487e-18
1.8749e-18
1.49173e-18
1.18605e-18
9.42361e-19
7.48223e-19
5.9367e-19
4.70716e-19
3.72969e-19
2.95315e-19
2.33668e-19
1.84762e-19
1.45991e-19
1.15276e-19
9.09599e-20
7.17235e-20
5.65161e-20
4.45022e-20
3.50179e-20
2.75358e-20
2.16374e-20
1.69906e-20
1.33326e-20
1.04548e-20
8.19252e-21
6.4153e-21
5.02013e-21
3.92564e-21
3.06764e-21
2.3955e-21
1.86933e-21
1.45772e-21
1.13595e-21
8.8459e-22
6.88371e-22
5.35304e-22
4.15983e-22
3.23033e-22
2.50678e-22
1.94394e-22
1.50642e-22
1.16656e-22
9.02739e-23
6.98097e-23
5.39467e-23
4.16592e-23
3.21479e-23
2.47908e-23
1.9104e-23
1.47115e-23
1.13209e-23
8.70569e-24
6.68991e-24
5.13728e-24
3.94222e-24
3.02305e-24
2.31656e-24
1.77393e-24
1.35745e-24
1.03803e-24
7.93207e-25
6.05703e-25
4.62197e-25
3.52443e-25
2.68562e-25
2.045e-25
1.5561e-25
1.18325e-25
8.991e-26
6.82706e-26
5.18028e-26
3.92794e-26
2.97626e-26
2.25357e-26
1.70515e-26
1.28928e-26
9.74152e-27
7.35526e-27
5.5496e-27
4.18425e-27
3.15258e-27
2.3736e-27
1.78583e-27
1.34266e-27
1.00875e-27
7.57343e-28
5.6819e-28
4.25977e-28
3.19132e-28
2.38916e-28
1.78736e-28
1.33619e-28
9.98202e-29
7.45174e-29
5.55889e-29
4.1439e-29
3.08689e-29
2.29785e-29
1.70929e-29
1.27056e-29
9.43776e-30
7.00537e-30
5.19616e-30
3.85145e-30
2.85269e-30
2.11142e-30
1.56166e-30
1.15421e-30
8.52455e-31
6.29141e-31
4.63995e-31
3.41953e-31
2.51831e-31
1.85327e-31
1.36288e-31
1.00153e-31
7.35463e-32
5.39689e-32
3.95744e-32
2.89982e-32
2.12333e-32
1.55364e-32
1.13598e-32
8.29996e-33
6.05997e-33
4.4213e-33
3.22343e-33
2.34839e-33
1.70967e-33
1.24376e-33
9.04168e-34
6.56821e-34
4.76794e-34
3.4586e-34
2.50701e-34
1.81592e-34
1.31438e-34
9.50675e-35
6.87113e-35
4.9626e-35
3.58158e-35
2.58301e-35
1.8615e-35
1.34056e-35
9.64718e-36
6.93759e-36
4.98566e-36
3.58065e-36
2.57022e-36
1.84427e-36
1.3234e-36
9.50336e-37
6.83917e-37
4.94603e-37
3.61325e-37
2.6919e-37
2.07868e-37
1.70463e-37
1.5276e-37
