0.0238679
0.0239685
0.0241695
0.0244713
0.0248739
0.0253775
0.0259824
0.0266888
0.0274972
0.0284078
0.029421
0.0305371
0.0317567
0.0330799
0.0345073
0.0360391
0.0376756
0.039417
0.0412635
0.0432152
0.0452721
0.0474341
0.0497009
0.0520723
0.0545476
0.0571263
0.0598075
0.0625902
0.0654731
0.0684549
0.0715339
0.0747082
0.0779757
0.081334
0.0847804
0.0883121
0.0919259
0.0956183
0.0993856
0.103224
0.107128
0.111095
0.115118
0.119193
0.123314
0.127476
0.131673
0.135897
0.140143
0.144404
0.148673
0.152943
0.157206
0.161455
0.165681
0.169878
0.174037
0.178149
0.182208
0.186204
0.19013
0.193977
0.197738
0.201403
0.204966
0.208417
0.211751
0.214958
0.218031
0.220965
0.22375
0.226382
0.228854
0.231159
0.233293
0.23525
0.237026
0.238615
0.240015
0.241221
0.24223
0.243041
0.243651
0.244058
0.244262
0.244262
0.244058
0.243651
0.243041
0.24223
0.241221
0.240015
0.238615
0.237026
0.23525
0.233293
0.231159
0.228854
0.226382
0.22375
0.220965
0.218031
0.214958
0.211751
0.208417
0.204966
0.201403
0.197738
0.193977
0.19013
0.186204
0.182208
0.178149
0.174037
0.169878
0.165681
0.161455
0.157206
0.152943
0.148673
0.144404
0.140143
0.135897
0.131673
0.127476
0.123314
0.119193
0.115118
0.111095
0.107128
0.103224
0.0993856
0.0956183
0.0919259
0.0883121
0.0847804
0.081334
0.0779757
0.0747082
0.0715339
0.0684549
0.0654731
0.0625902
0.0598075
0.0571263
0.0545476
0.0520723
0.0497009
0.0474341
0.0452721
0.0432152
0.0412635
0.039417
0.0376756
0.0360391
0.0345073
0.0330799
0.0317567
0.0305371
0.029421
0.0284078
0.0274972
0.0266888
0.0259824
0.0253775
0.0248739
0.0244713
0.0241695
0.0239685
0.0238679
