0.0
0.0
1.4013e-45
4.2039e-45
8.40779e-45
1.82169e-44
2.94273e-44
5.32493e-44
8.12753e-44
1.31722e-43
1.98984e-43
3.05483e-43
4.62428e-43
6.96445e-43
1.04677e-42
1.56525e-42
2.33877e-42
3.48643e-42
5.19181e-42
7.72115e-42
1.14668e-41
1.70174e-41
2.52178e-41
3.73488e-41
5.52462e-41
8.16621e-41
1.2058e-40
1.77896e-40
2.62204e-40
3.86125e-40
5.68088e-40
8.35055e-40
1.22636e-39
1.79941e-39
2.63785e-39
3.86349e-39
5.65349e-39
8.26538e-39
1.20731e-38
1.76191e-38
2.56897e-38
3.74234e-38
5.44677e-38
7.92036e-38
1.1507e-37
1.67028e-37
2.42231e-37
3.50978e-37
5.08093e-37
7.34883e-37
1.06195e-36
1.53322e-36
2.21166e-36
3.18745e-36
4.58968e-36
6.6029e-36
9.49076e-36
1.36295e-35
1.95558e-35
2.80339e-35
4.0152e-35
5.74573e-35
8.21484e-35
1.17346e-34
1.67476e-34
2.3881e-34
3.40227e-34
4.84285e-34
6.88732e-34
9.78624e-34
1.38931e-33
1.9706e-33
2.79264e-33
3.95412e-33
5.59375e-33
7.90631e-33
1.11651e-32
1.57532e-32
2.22073e-32
3.12781e-32
4.40155e-32
6.18855e-32
8.69344e-32
1.22015e-31
1.71103e-31
2.39729e-31
3.35586e-31
4.69362e-31
6.55892e-31
9.15752e-31
1.27745e-30
1.78047e-30
2.47939e-30
3.44966e-30
4.79546e-30
6.66049e-30
9.24284e-30
1.28152e-29
1.7753e-29
2.45719e-29
3.39805e-29
4.69509e-29
6.48159e-29
8.94012e-29
1.23205e-28
1.69644e-28
2.33386e-28
3.20799e-28
4.40573e-28
6.04542e-28
8.28822e-28
1.13533e-27
1.55384e-27
2.1248e-27
2.90306e-27
3.96296e-27
5.40517e-27
7.3659e-27
1.00293e-26
1.36439e-26
1.85455e-26
2.51862e-26
3.41755e-26
4.63334e-26
6.27629e-26
8.49451e-26
1.14869e-25
1.55201e-25
2.09516e-25
2.82597e-25
3.80844e-25
5.12808e-25
6.89911e-25
9.27385e-25
1.24554e-24
1.67141e-24
2.24099e-24
3.00212e-24
4.01833e-24
5.37395e-24
7.18079e-24
9.58698e-24
1.27886e-23
1.70449e-23
2.26986e-23
3.02019e-23
4.01514e-23
5.33335e-23
7.07833e-23
9.3863e-23
1.24363e-22
1.64634e-22
2.17761e-22
2.87789e-22
3.80016e-22
5.01374e-22
6.60931e-22
8.7053e-22
1.14563e-21
1.5064e-21
1.97911e-21
2.59797e-21
3.40747e-21
4.46545e-21
5.84699e-21
7.64953e-21
9.99936e-21
1.30601e-20
1.70433e-20
2.22227e-20
2.89518e-20
3.7687e-20
4.90165e-20
6.36985e-20
8.2709e-20
1.07303e-19
1.39094e-19
1.80153e-19
2.33138e-19
3.01453e-19
3.89462e-19
5.02743e-19
6.48434e-19
8.35647e-19
1.07601e-18
1.38436e-18
1.77959e-18
2.28576e-18
2.93344e-18
3.76152e-18
4.81934e-18
6.16951e-18
7.89138e-18
1.00854e-17
1.28788e-17
1.64322e-17
2.09486e-17
2.66842e-17
3.3962e-17
4.31888e-17
5.4877e-17
6.96706e-17
8.8379e-17
1.12018e-16
1.41863e-16
1.79511e-16
2.26962e-16
2.86719e-16
3.6191e-16
4.56443e-16
5.75192e-16
7.24239e-16
9.11154e-16
1.14537e-15
1.43859e-15
1.8054e-15
2.26387e-15
2.83644e-15
3.55088e-15
4.44162e-15
5.55124e-15
6.93236e-15
8.64998e-15
1.07843e-14
1.34342e-14
1.67215e-14
2.07962e-14
2.58425e-14
3.2087e-14
3.98077e-14
4.93457e-14
6.11189e-14
7.5639e-14
9.35321e-14
1.15563e-13
1.42667e-13
1.75984e-13
2.16903e-13
2.67118e-13
3.2869e-13
4.04124e-13
4.96464e-13
6.09406e-13
7.47431e-13
9.15969e-13
1.1216e-12
1.37227e-12
1.67759e-12
2.04917e-12
2.50103e-12
3.05003e-12
3.71652e-12
4.52496e-12
5.50478e-12
6.69132e-12
8.12701e-12
9.86272e-12
1.19594e-11
1.449e-11
1.75419e-11
2.12193e-11
2.56468e-11
3.09729e-11
3.73748e-11
4.50634e-11
5.42896e-11
6.53518e-11
7.86043e-11
9.44676e-11
1.13441e-10
1.36114e-10
1.63186e-10
1.95486e-10
2.33988e-10
2.79848e-10
3.34425e-10
3.99324e-10
4.76431e-10
5.67969e-10
6.76547e-10
8.05231e-10
9.5762e-10
1.13793e-09
1.3511e-09
1.6029e-09
1.90011e-09
2.25061e-09
2.66361e-09
3.14986e-09
3.72189e-09
4.39425e-09
5.18391e-09
6.11054e-09
7.19702e-09
8.46986e-09
9.95981e-09
1.17024e-08
1.37389e-08
1.61168e-08
1.88911e-08
2.21252e-08
2.58922e-08
3.02761e-08
3.5374e-08
4.1297e-08
4.81732e-08
5.61493e-08
6.53935e-08
7.60985e-08
8.84852e-08
1.02805e-07
1.19348e-07
1.38441e-07
1.6046e-07
1.85833e-07
2.15045e-07
2.48651e-07
2.87278e-07
3.3164e-07
3.82547e-07
4.40915e-07
5.07784e-07
5.84326e-07
6.7187e-07
7.71911e-07
8.86143e-07
1.01646e-06
1.16502e-06
1.33423e-06
1.52679e-06
1.74575e-06
1.99453e-06
2.27693e-06
2.59725e-06
2.96027e-06
3.37135e-06
3.83645e-06
4.36224e-06
4.95613e-06
5.62641e-06
6.38225e-06
7.23387e-06
8.19259e-06
9.27102e-06
1.0483e-05
1.18441e-05
1.33712e-05
1.50833e-05
1.7001e-05
1.91473e-05
2.15475e-05
2.42293e-05
2.72232e-05
3.05628e-05
3.42848e-05
3.84297e-05
4.30413e-05
4.81682e-05
5.38631e-05
6.01834e-05
6.71921e-05
7.49575e-05
8.3554e-05
9.30627e-05
0.000103571
0.000115175
0.000127978
0.000142091
0.000157636
0.000174742
0.000193552
0.000214217
0.0002369
0.000261779
0.000289041
0.000318889
0.000351542
0.000387232
0.000426208
0.000468736
0.000515101
0.000565604
0.000620569
0.000680336
0.000745271
0.000815758
0.000892208
0.000975051
0.00106475
0.00116177
0.00126664
0.00137989
0.00150207
0.00163378
0.00177564
0.0019283
0.00209243
0.00226874
0.00245796
0.00266087
0.00287826
0.00311095
0.00335981
0.00362572
0.00390958
0.00421235
0.004535
0.00487851
0.00524391
0.00563223
0.00604455
0.00648195
0.00694553
0.00743641
0.00795571
0.00850458
0.00908417
0.00969561
0.0103401
0.0110187
0.0117326
0.012483
0.0132709
0.0140975
0.0149637
0.0158707
0.0168195
0.0178109
0.018846
0.0199255
0.0210503
0.0222212
0.0234388
0.0247036
0.0260162
0.0273771
0.0287865
0.0302448
0.0317519
0.033308
0.0349129
0.0365664
0.0382681
0.0400176
0.0418142
0.0436572
0.0455456
0.0474785
0.0494545
0.0514724
0.0535305
0.0556273
0.0577608
0.0599291
0.0621301
0.0643613
0.0666204
0.0689047
0.0712114
0.0735377
0.0758803
0.0782362
0.080602
0.0829742
0.0853492
0.0877235
0.090093
0.0924541
0.0948026
0.0971346
0.0994459
0.101732
0.10399
0.106214
0.108401
0.110546
0.112646
0.114695
0.11669
0.118626
0.120501
0.122309
0.124046
0.12571
0.127297
0.128802
0.130223
0.131557
0.1328
0.13395
0.135004
0.135959
0.136815
0.137567
0.138216
0.138758
0.139194
0.139522
0.139741
0.13985
0.13985
0.139741
0.139522
0.139194
0.138758
0.138216
0.137567
0.136815
0.135959
0.135004
0.13395
0.1328
0.131557
0.130223
0.128802
0.127297
0.12571
0.124046
0.122309
0.120501
0.118626
0.11669
0.114695
0.112646
0.110546
0.108401
0.106214
0.10399
0.101732
0.0994459
0.0971346
0.0948026
0.0924541
0.090093
0.0877235
0.0853492
0.0829742
0.080602
0.0782362
0.0758803
0.0735377
0.0712114
0.0689047
0.0666204
0.0643613
0.0621301
0.0599291
0.0577608
0.0556273
0.0535305
0.0514724
0.0494545
0.0474785
0.0455456
0.0436572
0.0418142
0.0400176
0.0382681
0.0365664
0.0349129
0.033308
0.0317519
0.0302448
0.0287865
0.0273771
0.0260162
0.0247036
0.0234388
0.0222212
0.0210503
0.0199255
0.018846
0.0178109
0.0168195
0.0158707
0.0149637
0.0140975
0.0132709
0.012483
0.0117326
0.0110187
0.0103401
0.00969561
0.00908417
0.00850458
0.00795571
0.00743641
0.00694553
0.00648195
0.00604455
0.00563223
0.00524391
0.00487851
0.004535
0.00421235
0.00390958
0.00362572
0.00335981
0.00311095
0.00287826
0.00266087
0.00245796
0.00226874
0.00209243
0.0019283
0.00177564
0.00163378
0.00150207
0.00137989
0.00126664
0.00116177
0.00106475
0.000975051
0.000892208
0.000815758
0.000745271
0.000680336
0.000620569
0.000565604
0.000515101
0.000468736
0.000426208
0.000387232
0.000351542
0.000318889
0.000289041
0.000261779
0.0002369
0.000214217
0.000193552
0.000174742
0.000157636
0.000142091
0.000127978
0.000115175
0.000103571
9.30627e-05
8.3554e-05
7.49575e-05
6.71921e-05
6.01834e-05
5.38631e-05
4.81682e-05
4.30413e-05
3.84297e-05
3.42848e-05
3.05628e-05
2.72232e-05
2.42293e-05
2.15475e-05
1.91473e-05
1.7001e-05
1.50833e-05
1.33712e-05
1.18441e-05
1.0483e-05
9.27102e-06
8.19259e-06
7.23387e-06
6.38225e-06
5.62641e-06
4.95613e-06
4.36224e-06
3.83645e-06
3.37135e-06
2.96027e-06
2.59725e-06
2.27693e-06
1.99453e-06
1.74575e-06
1.52679e-06
1.33423e-06
1.16502e-06
1.01646e-06
8.86143e-07
7.71911e-07
6.7187e-07
5.84326e-07
5.07784e-07
4.40915e-07
3.82547e-07
3.3164e-07
2.87278e-07
2.48651e-07
2.15045e-07
1.85833e-07
1.6046e-07
1.38441e-07
1.19348e-07
1.02805e-07
8.84852e-08
7.60985e-08
6.53935e-08
5.61493e-08
4.81732e-08
4.1297e-08
3.5374e-08
3.02761e-08
2.58922e-08
2.21252e-08
1.88911e-08
1.61168e-08
1.37389e-08
1.17024e-08
9.95981e-09
8.46986e-09
7.19702e-09
6.11054e-09
5.18391e-09
4.39425e-09
3.72189e-09
3.14986e-09
2.66361e-09
2.25061e-09
1.90011e-09
1.6029e-09
1.3511e-09
1.13793e-09
9.5762e-10
8.05231e-10
6.76547e-10
5.67969e-10
4.76431e-10
3.99324e-10
3.34425e-10
2.79848e-10
2.33988e-10
1.95486e-10
1.63186e-10
1.36114e-10
1.13441e-10
9.44676e-11
7.86043e-11
6.53518e-11
5.42896e-11
4.50634e-11
3.73748e-11
3.09729e-11
2.56468e-11
2.12193e-11
1.75419e-11
1.449e-11
1.19594e-11
9.86272e-12
8.12701e-12
6.69132e-12
5.50478e-12
4.52496e-12
3.71652e-12
3.05003e-12
2.50103e-12
2.04917e-12
1.67759e-12
1.37227e-12
1.1216e-12
9.15969e-13
7.47431e-13
6.09406e-13
4.96464e-13
4.04124e-13
3.2869e-13
2.67118e-13
2.16903e-13
1.75984e-13
1.42667e-13
1.15563e-13
9.35321e-14
7.5639e-14
6.11189e-14
4.93457e-14
3.98077e-14
3.2087e-14
2.58425e-14
2.07962e-14
1.67215e-14
1.34342e-14
1.07843e-14
8.64998e-15
6.93236e-15
5.55124e-15
4.44162e-15
3.55088e-15
2.83644e-15
2.26387e-15
1.8054e-15
1.43859e-15
1.14537e-15
9.11154e-16
7.24239e-16
5.75192e-16
4.56443e-16
3.6191e-16
2.86719e-16
2.26962e-16
1.79511e-16
1.41863e-16
1.12018e-16
8.8379e-17
6.96706e-17
5.4877e-17
4.31888e-17
3.3962e-17
2.66842e-17
2.09486e-17
1.64322e-17
1.28788e-17
1.00854e-17
7.89138e-18
6.16951e-18
4.81934e-18
3.76152e-18
2.93344e-18
2.28576e-18
1.77959e-18
1.38436e-18
1.07601e-18
8.35647e-19
6.48434e-19
5.02743e-19
3.89462e-19
3.01453e-19
2.33138e-19
1.80153e-19
1.39094e-19
1.07303e-19
8.2709e-20
6.36985e-20
4.90165e-20
3.7687e-20
2.89518e-20
2.22227e-20
1.70433e-20
1.30601e-20
9.99936e-21
7.64953e-21
5.84699e-21
4.46545e-21
3.40747e-21
2.59797e-21
1.97911e-21
1.5064e-21
1.14563e-21
8.7053e-22
6.60931e-22
5.01374e-22
3.80016e-22
2.87789e-22
2.17761e-22
1.64634e-22
1.24363e-22
9.3863e-23
7.07833e-23
5.33335e-23
4.01514e-23
3.02019e-23
2.26986e-23
1.70449e-23
1.27886e-23
9.58698e-24
7.18079e-24
5.37395e-24
4.01833e-24
3.00212e-24
2.24099e-24
1.67141e-24
1.24554e-24
9.27385e-25
6.89911e-25
5.12808e-25
3.80844e-25
2.82597e-25
2.09516e-25
1.55201e-25
1.14869e-25
8.49451e-26
6.27629e-26
4.63334e-26
3.41755e-26
2.51862e-26
1.85455e-26
1.36439e-26
1.00293e-26
7.3659e-27
5.40517e-27
3.96296e-27
2.90306e-27
2.1248e-27
1.55384e-27
1.13533e-27
8.28822e-28
6.04542e-28
4.40573e-28
3.20799e-28
2.33386e-28
1.69644e-28
1.23205e-28
8.94012e-29
6.48159e-29
4.69509e-29
3.39805e-29
2.45719e-29
1.7753e-29
1.28152e-29
9.24284e-30
6.66049e-30
4.79546e-30
3.44966e-30
2.47939e-30
1.78047e-30
1.27745e-30
9.15752e-31
6.55892e-31
4.69362e-31
3.35586e-31
2.39729e-31
1.71103e-31
1.22015e-31
8.69344e-32
6.18855e-32
4.40155e-32
3.12781e-32
2.22073e-32
1.57532e-32
1.11651e-32
7.90631e-33
5.59375e-33
3.95412e-33
2.79264e-33
1.9706e-33
1.38931e-33
9.78624e-34
6.88732e-34
4.84285e-34
3.40227e-34
2.3881e-34
1.67476e-34
1.17346e-34
8.21484e-35
5.74573e-35
4.0152e-35
2.80339e-35
1.95558e-35
1.36295e-35
9.49076e-36
6.6029e-36
4.58968e-36
3.18745e-36
2.21166e-36
1.53322e-36
1.06195e-36
7.34883e-37
5.08093e-37
3.50978e-37
2.42231e-37
1.67028e-37
1.1507e-37
7.92036e-38
5.44677e-38
3.74234e-38
2.56897e-38
1.76191e-38
1.20731e-38
8.26538e-39
5.65349e-39
3.86349e-39
2.63785e-39
1.79941e-39
1.22636e-39
8.35055e-40
5.68088e-40
3.86125e-40
2.62204e-40
1.77896e-40
1.2058e-40
8.16621e-41
5.52462e-41
3.73488e-41
2.52178e-41
1.70174e-41
1.14668e-41
7.72115e-42
5.19181e-42
3.48643e-42
2.33877e-42
1.56525e-42
1.04677e-42
6.96445e-43
4.62428e-43
3.05483e-43
1.98984e-43
1.31722e-43
8.12753e-44
5.32493e-44
2.94273e-44
1.82169e-44
8.40779e-45
4.2039e-45
1.4013e-45
0.0
0.0
