4.14322e-21
4.27938e-21
4.55596e-21
4.98164e-21
5.56974e-21
6.33862e-21
7.31225e-21
8.52092e-21
1.00021e-20
1.18015e-20
1.39747e-20
1.65884e-20
1.97223e-20
2.34722e-20
2.79516e-20
3.3296e-20
3.96662e-20
4.72531e-20
5.6283e-20
6.70243e-20
7.97947e-20
9.49703e-20
1.12996e-19
1.34398e-19
1.59799e-19
1.89934e-19
2.2567e-19
2.68033e-19
3.18232e-19
3.77694e-19
4.48102e-19
5.31439e-19
6.30042e-19
7.46665e-19
8.84546e-19
1.0475e-18
1.24002e-18
1.46738e-18
1.73577e-18
2.0525e-18
2.42613e-18
2.86671e-18
3.38604e-18
3.99798e-18
4.71876e-18
5.56742e-18
6.56629e-18
7.7415e-18
9.12366e-18
1.07486e-17
1.26583e-17
1.49018e-17
1.75364e-17
2.06292e-17
2.42584e-17
2.85156e-17
3.35075e-17
3.93588e-17
4.62147e-17
5.42448e-17
6.36467e-17
7.46506e-17
8.75246e-17
1.02581e-16
1.20183e-16
1.40753e-16
1.64783e-16
1.92845e-16
2.25602e-16
2.63826e-16
3.08413e-16
3.60401e-16
4.20998e-16
4.91602e-16
5.73834e-16
6.69576e-16
7.81003e-16
9.10638e-16
1.0614e-15
1.23666e-15
1.44033e-15
1.67693e-15
1.95168e-15
2.2706e-15
2.64066e-15
3.06991e-15
3.56761e-15
4.14448e-15
4.81285e-15
5.58695e-15
6.48317e-15
7.52038e-15
8.72032e-15
1.0108e-14
1.17122e-14
1.3566e-14
1.57074e-14
1.81802e-14
2.10345e-14
2.4328e-14
2.81269e-14
3.25069e-14
3.75553e-14
4.33717e-14
5.00705e-14
5.77827e-14
6.66582e-14
7.68689e-14
8.86109e-14
1.02109e-13
1.1762e-13
1.35438e-13
1.55898e-13
1.79382e-13
2.06328e-13
2.37235e-13
2.72671e-13
3.13286e-13
3.59818e-13
4.13109e-13
4.74119e-13
5.43941e-13
6.23814e-13
7.15155e-13
8.19569e-13
9.38884e-13
1.07517e-12
1.2308e-12
1.40843e-12
1.6111e-12
1.84227e-12
2.10583e-12
2.40621e-12
2.74844e-12
3.13819e-12
3.58189e-12
4.08683e-12
4.66125e-12
5.31445e-12
6.05697e-12
6.9007e-12
7.85908e-12
8.94729e-12
1.01824e-11
1.15839e-11
1.31734e-11
1.49754e-11
1.70178e-11
1.93317e-11
2.19521e-11
2.49186e-11
2.82757e-11
3.20732e-11
3.63675e-11
4.12216e-11
4.67066e-11
5.2902e-11
5.98973e-11
6.77929e-11
7.67011e-11
8.67482e-11
9.80755e-11
1.10841e-10
1.25223e-10
1.41419e-10
1.59651e-10
1.80168e-10
2.03248e-10
2.292e-10
2.58372e-10
2.9115e-10
3.27966e-10
3.69303e-10
4.15699e-10
4.67752e-10
5.2613e-10
5.91579e-10
6.64927e-10
7.47096e-10
8.39113e-10
9.42119e-10
1.05738e-09
1.18632e-09
1.33049e-09
1.49163e-09
1.67169e-09
1.87279e-09
2.09732e-09
2.34792e-09
2.62749e-09
2.93929e-09
3.28688e-09
3.67424e-09
4.10576e-09
4.58628e-09
5.12117e-09
5.71636e-09
6.3784e-09
7.11452e-09
7.9327e-09
8.84175e-09
9.85139e-09
1.09723e-08
1.22163e-08
1.35964e-08
1.51269e-08
1.68236e-08
1.87037e-08
2.07864e-08
2.30926e-08
2.56453e-08
2.84698e-08
3.15938e-08
3.5048e-08
3.88656e-08
4.30834e-08
4.77415e-08
5.2884e-08
5.85591e-08
6.48196e-08
7.17233e-08
7.93334e-08
8.77191e-08
9.69559e-08
1.07126e-07
1.1832e-07
1.30637e-07
1.44183e-07
1.59076e-07
1.75443e-07
1.93424e-07
2.1317e-07
2.34847e-07
2.58633e-07
2.84726e-07
3.13337e-07
3.44698e-07
3.79059e-07
4.16695e-07
4.57901e-07
5.02999e-07
5.52337e-07
6.06295e-07
6.65282e-07
7.29743e-07
8.00159e-07
8.77052e-07
9.60984e-07
1.05257e-06
1.15246e-06
1.26137e-06
1.38007e-06
1.5094e-06
1.65025e-06
1.80358e-06
1.97045e-06
2.15197e-06
2.34936e-06
2.56393e-06
2.79708e-06
3.05033e-06
3.32529e-06
3.62373e-06
3.94751e-06
4.29867e-06
4.67937e-06
5.09193e-06
5.53886e-06
6.02284e-06
6.54672e-06
7.1136e-06
7.72675e-06
8.38972e-06
9.10626e-06
9.88042e-06
1.07165e-05
1.16191e-05
1.25932e-05
1.3644e-05
1.47771e-05
1.59985e-05
1.73146e-05
1.87322e-05
2.02585e-05
2.19012e-05
2.36686e-05
2.55693e-05
2.76126e-05
2.98084e-05
3.21671e-05
3.47e-05
3.74187e-05
4.03358e-05
4.34646e-05
4.68191e-05
5.04142e-05
5.42657e-05
5.83904e-05
6.28058e-05
6.75305e-05
7.25845e-05
7.79885e-05
8.37645e-05
8.99356e-05
9.65265e-05
0.000103563
0.000111072
0.000119082
0.000127624
0.000136729
0.000146431
0.000156765
0.000167766
0.000179475
0.000191932
0.000205179
0.000219261
0.000234225
0.00025012
0.000266996
0.000284909
0.000303912
0.000324067
0.000345432
0.000368074
0.000392057
0.000417453
0.000444332
0.000472772
0.000502849
0.000534647
0.00056825
0.000603747
0.000641229
0.000680792
0.000722535
0.00076656
0.000812974
0.000861887
0.000913412
0.000967667
0.00102478
0.00108486
0.00114805
0.00121449
0.00128431
0.00135765
0.00143466
0.00151548
0.00160029
0.00168923
0.00178247
0.00188017
0.00198252
0.00208968
0.00220184
0.00231918
0.00244189
0.00257017
0.0027042
0.0028442
0.00299037
0.00314292
0.00330205
0.00346799
0.00364095
0.00382116
0.00400884
0.00420422
0.00440754
0.00461901
0.00483889
0.0050674
0.00530479
0.00555129
0.00580715
0.00607261
0.00634792
0.00663331
0.00692904
0.00723533
0.00755244
0.0078806
0.00822005
0.00857103
0.00893378
0.00930851
0.00969547
0.0100949
0.0105069
0.0109319
0.0113699
0.0118212
0.012286
0.0127644
0.0132567
0.013763
0.0142835
0.0148184
0.0153677
0.0159316
0.0165103
0.0171038
0.0177123
0.0183358
0.0189745
0.0196282
0.0202972
0.0209814
0.0216809
0.0223956
0.0231255
0.0238706
0.0246308
0.025406
0.0261963
0.0270013
0.0278211
0.0286554
0.0295042
0.030367
0.0312439
0.0321345
0.0330386
0.0339558
0.034886
0.0358287
0.0367836
0.0377503
0.0387286
0.0397178
0.0407176
0.0417276
0.0427472
0.0437759
0.0448132
0.0458585
0.0469114
0.0479711
0.0490371
0.0501087
0.0511853
0.0522661
0.0533506
0.0544379
0.0555274
0.0566183
0.0577098
0.0588012
0.0598916
0.0609802
0.0620663
0.063149
0.0642273
0.0653006
0.0663679
0.0674284
0.068481
0.0695251
0.0705597
0.0715839
0.0725967
0.0735974
0.074585
0.0755586
0.0765173
0.0774603
0.0783867
0.0792956
0.0801861
0.0810575
0.0819087
0.0827391
0.0835478
0.084334
0.085097
0.0858359
0.0865501
0.0872388
0.0879012
0.0885368
0.0891449
0.0897248
0.090276
0.0907979
0.0912898
0.0917514
0.0921821
0.0925814
0.092949
0.0932845
0.0935874
0.0938575
0.0940945
0.0942981
0.0944681
0.0946043
0.0947066
0.0947749
0.094809
0.094809
0.0947749
0.0947066
0.0946043
0.0944681
0.0942981
0.0940945
0.0938575
0.0935874
0.0932845
0.092949
0.0925814
0.0921821
0.0917514
0.0912898
0.0907979
0.090276
0.0897248
0.0891449
0.0885368
0.0879012
0.0872388
0.0865501
0.0858359
0.085097
0.084334
0.0835478
0.0827391
0.0819087
0.0810575
0.0801861
0.0792956
0.0783867
0.0774603
0.0765173
0.0755586
0.074585
0.0735974
0.0725967
0.0715839
0.0705597
0.0695251
0.068481
0.0674284
0.0663679
0.0653006
0.0642273
0.063149
0.0620663
0.0609802
0.0598916
0.0588012
0.0577098
0.0566183
0.0555274
0.0544379
0.0533506
0.0522661
0.0511853
0.0501087
0.0490371
0.0479711
0.0469114
0.0458585
0.0448132
0.0437759
0.0427472
0.0417276
0.0407176
0.0397178
0.0387286
0.0377503
0.0367836
0.0358287
0.034886
0.0339558
0.0330386
0.0321345
0.0312439
0.030367
0.0295042
0.0286554
0.0278211
0.0270013
0.0261963
0.025406
0.0246308
0.0238706
0.0231255
0.0223956
0.0216809
0.0209814
0.0202972
0.0196282
0.0189745
0.0183358
0.0177123
0.0171038
0.0165103
0.0159316
0.0153677
0.0148184
0.0142835
0.013763
0.0132567
0.0127644
0.012286
0.0118212
0.0113699
0.0109319
0.0105069
0.0100949
0.00969547
0.00930851
0.00893378
0.00857103
0.00822005
0.0078806
0.00755244
0.00723533
0.00692904
0.00663331
0.00634792
0.00607261
0.00580715
0.00555129
0.00530479
0.0050674
0.00483889
0.00461901
0.00440754
0.00420422
0.00400884
0.00382116
0.00364095
0.00346799
0.00330205
0.00314292
0.00299037
0.0028442
0.0027042
0.00257017
0.00244189
0.00231918
0.00220184
0.00208968
0.00198252
0.00188017
0.00178247
0.00168923
0.00160029
0.00151548
0.00143466
0.00135765
0.00128431
0.00121449
0.00114805
0.00108486
0.00102478
0.000967667
0.000913412
0.000861887
0.000812974
0.00076656
0.000722535
0.000680792
0.000641229
0.000603747
0.00056825
0.000534647
0.000502849
0.000472772
0.000444332
0.000417453
0.000392057
0.000368074
0.000345432
0.000324067
0.000303912
0.000284909
0.000266996
0.00025012
0.000234225
0.000219261
0.000205179
0.000191932
0.000179475
0.000167766
0.000156765
0.000146431
0.000136729
0.000127624
0.000119082
0.000111072
0.000103563
9.65265e-05
8.99356e-05
8.37645e-05
7.79885e-05
7.25845e-05
6.75305e-05
6.28058e-05
5.83904e-05
5.42657e-05
5.04142e-05
4.68191e-05
4.34646e-05
4.03358e-05
3.74187e-05
3.47e-05
3.21671e-05
2.98084e-05
2.76126e-05
2.55693e-05
2.36686e-05
2.19012e-05
2.02585e-05
1.87322e-05
1.73146e-05
1.59985e-05
1.47771e-05
1.3644e-05
1.25932e-05
1.16191e-05
1.07165e-05
9.88042e-06
9.10626e-06
8.38972e-06
7.72675e-06
7.1136e-06
6.54672e-06
6.02284e-06
5.53886e-06
5.09193e-06
4.67937e-06
4.29867e-06
3.94751e-06
3.62373e-06
3.32529e-06
3.05033e-06
2.79708e-06
2.56393e-06
2.34936e-06
2.15197e-06
1.97045e-06
1.80358e-06
1.65025e-06
1.5094e-06
1.38007e-06
1.26137e-06
1.15246e-06
1.05257e-06
9.60984e-07
8.77052e-07
8.00159e-07
7.29743e-07
6.65282e-07
6.06295e-07
5.52337e-07
5.02999e-07
4.57901e-07
4.16695e-07
3.79059e-07
3.44698e-07
3.13337e-07
2.84726e-07
2.58633e-07
2.34847e-07
2.1317e-07
1.93424e-07
1.75443e-07
1.59076e-07
1.44183e-07
1.30637e-07
1.1832e-07
1.07126e-07
9.69559e-08
8.77191e-08
7.93334e-08
7.17233e-08
6.48196e-08
5.85591e-08
5.2884e-08
4.77415e-08
4.30834e-08
3.88656e-08
3.5048e-08
3.15938e-08
2.84698e-08
2.56453e-08
2.30926e-08
2.07864e-08
1.87037e-08
1.68236e-08
1.51269e-08
1.35964e-08
1.22163e-08
1.09723e-08
9.85139e-09
8.84175e-09
7.9327e-09
7.11452e-09
6.3784e-09
5.71636e-09
5.12117e-09
4.58628e-09
4.10576e-09
3.67424e-09
3.28688e-09
2.93929e-09
2.62749e-09
2.34792e-09
2.09732e-09
1.87279e-09
1.67169e-09
1.49163e-09
1.33049e-09
1.18632e-09
1.05738e-09
9.42119e-10
8.39113e-10
7.47096e-10
6.64927e-10
5.91579e-10
5.2613e-10
4.67752e-10
4.15699e-10
3.69303e-10
3.27966e-10
2.9115e-10
2.58372e-10
2.292e-10
2.03248e-10
1.80168e-10
1.59651e-10
1.41419e-10
1.25223e-10
1.10841e-10
9.80755e-11
8.67482e-11
7.67011e-11
6.77929e-11
5.98973e-11
5.2902e-11
4.67066e-11
4.12216e-11
3.63675e-11
3.20732e-11
2.82757e-11
2.49186e-11
2.19521e-11
1.93317e-11
1.70178e-11
1.49754e-11
1.31734e-11
1.15839e-11
1.01824e-11
8.94729e-12
7.85908e-12
6.9007e-12
6.05697e-12
5.31445e-12
4.66125e-12
4.08683e-12
3.58189e-12
3.13819e-12
2.74844e-12
2.40621e-12
2.10583e-12
1.84227e-12
1.6111e-12
1.40843e-12
1.2308e-12
1.07517e-12
9.38884e-13
8.19569e-13
7.15155e-13
6.23814e-13
5.43941e-13
4.74119e-13
4.13109e-13
3.59818e-13
3.13286e-13
2.72671e-13
2.37235e-13
2.06328e-13
1.79382e-13
1.55898e-13
1.35438e-13
1.1762e-13
1.02109e-13
8.86109e-14
7.68689e-14
6.66582e-14
5.77827e-14
5.00705e-14
4.33717e-14
3.75553e-14
3.25069e-14
2.81269e-14
2.4328e-14
2.10345e-14
1.81802e-14
1.57074e-14
1.3566e-14
1.17122e-14
1.0108e-14
8.72032e-15
7.52038e-15
6.48317e-15
5.58695e-15
4.81285e-15
4.14448e-15
3.56761e-15
3.06991e-15
2.64066e-15
2.2706e-15
1.95168e-15
1.67693e-15
1.44033e-15
1.23666e-15
1.0614e-15
9.10638e-16
7.81003e-16
6.69576e-16
5.73834e-16
4.91602e-16
4.20998e-16
3.60401e-16
3.08413e-16
2.63826e-16
2.25602e-16
1.92845e-16
1.64783e-16
1.40753e-16
1.20183e-16
1.02581e-16
8.75246e-17
7.46506e-17
6.36467e-17
5.42448e-17
4.62147e-17
3.93588e-17
3.35075e-17
2.85156e-17
2.42584e-17
2.06292e-17
1.75364e-17
1.49018e-17
1.26583e-17
1.07486e-17
9.12366e-18
7.7415e-18
6.56629e-18
5.56742e-18
4.71876e-18
3.99798e-18
3.38604e-18
2.86671e-18
2.42613e-18
2.0525e-18
1.73577e-18
1.46738e-18
1.24002e-18
1.0475e-18
8.84546e-19
7.46665e-19
6.30042e-19
5.31439e-19
4.48102e-19
3.77694e-19
3.18232e-19
2.68033e-19
2.2567e-19
1.89934e-19
1.59799e-19
1.34398e-19
1.12996e-19
9.49703e-20
7.97947e-20
6.70243e-20
5.6283e-20
4.72531e-20
3.96662e-20
3.3296e-20
2.79516e-20
2.34722e-20
1.97223e-20
1.65884e-20
1.39747e-20
1.18015e-20
1.00021e-20
8.52092e-21
7.31225e-21
6.33862e-21
5.56974e-21
4.98164e-21
4.55596e-21
4.27938e-21
4.14322e-21
