0.0
0.0
0.0
0.0
0.0
0.0
0.0
0.0
0.0
0.0
0.0
0.0
0.0
0.0
0.0
0.0
0.0
0.0
0.0
0.0
0.0
0.0
0.0
0.0
0.0
0.0
0.0
0.0
0.0
0.0
0.0
0.0
0.0
0.0
0.0
0.0
0.0
0.0
0.0
0.0
0.0
0.0
0.0
0.0
0.0
0.0
0.0
0.0
0.0
0.0
0.0
0.0
0.0
0.0
0.0
0.0
0.0
0.0
0.0
0.0
0.0
0.0
0.0
0.0
0.0
0.0
0.0
0.0
0.0
0.0
0.0
0.0
0.0
0.0
0.0
0.0
0.0
0.0
0.0
0.0
0.0
0.0
0.0
0.0
0.0
0.0
0.0
0.0
0.0
0.0
0.0
0.0
0.0
0.0
0.0
0.0
0.0
0.0
0.0
0.0
0.0
0.0
0.0
0.0
0.0
0.0
0.0
0.0
0.0
0.0
0.0
0.0
0.0
0.0
0.0
0.0
0.0
0.0
0.0
0.0
0.0
0.0
0.0
0.0
0.0
0.0
0.0
0.0
0.0
0.0
0.0
0.0
0.0
0.0
0.0
0.0
0.0
0.0
0.0
0.0
0.0
0.0
0.0
0.0
0.0
0.0
0.0
0.0
0.0
0.0
0.0
0.0
0.0
0.0
0.0
0.0
0.0
0.0
0.0
0.0
0.0
0.0
0.0
0.0
0.0
0.0
0.0
0.0
0.0
0.0
0.0
0.0
0.0
0.0
0.0
0.0
0.0
0.0
0.0
0.0
0.0
0.0
0.0
0.0
0.0
0.0
0.0
0.0
0.0
0.0
0.0
0.0
0.0
0.0
0.0
0.0
0.0
0.0
0.0
0.0
0.0
0.0
0.0
0.0
0.0
0.0
0.0
0.0
0.0
0.0
0.0
0.0
0.0
0.0
0.0
0.0
0.0
0.0
0.0
0.0
0.0
0.0
0.0
0.0
0.0
0.0
0.0
0.0
0.0
0.0
0.0
0.0
0.0
0.0
0.0
0.0
0.0
0.0
0.0
0.0
0.0
0.0
0.0
0.0
0.0
0.0
0.0
0.0
0.0
0.0
0.0
0.0
0.0
0.0
0.0
0.0
0.0
0.0
0.0
0.0
0.0
0.0
0.0
0.0
0.0
0.0
0.0
0.0
0.0
0.0
0.0
0.0
0.0
0.0
0.0
0.0
0.0
0.0
0.0
0.0
0.0
0.0
0.0
0.0
0.0
0.0
0.0
0.0
0.0
0.0
0.0
0.0
0.0
0.0
0.0
0.0
0.0
0.0
0.0
0.0
0.0
0.0
0.0
0.0
0.0
0.0
0.0
0.0
0.0
0.0
0.0
0.0
0.0
0.0
0.0
0.0
0.0
0.0
0.0
0.0
0.0
0.0
0.0
0.0
0.0
0.0
0.0
0.0
0.0
0.0
0.0
0.0
0.0
0.0
0.0
0.0
0.0
0.0
0.0
0.0
0.0
0.0
0.0
0.0
0.0
0.0
0.0
0.0
0.0
0.0
0.0
0.0
0.0
0.0
0.0
0.0
0.0
0.0
0.0
0.0
0.0
0.0
0.0
0.0
0.0
0.0
0.0
0.0
0.0
0.0
0.0
0.0
0.0
0.0
0.0
0.0
0.0
0.0
0.0
0.0
0.0
0.0
0.0
0.0
0.0
0.0
0.0
0.0
0.0
0.0
0.0
0.0
0.0
0.0
0.0
1.4013e-45
4.2039e-45
8.40779e-45
1.82169e-44
4.48416e-44
1.13505e-43
2.77457e-43
6.57209e-43
1.56245e-42
3.68822e-42
8.67824e-42
2.03328e-41
4.74508e-41
1.10293e-40
2.55354e-40
5.88869e-40
1.35267e-39
3.09495e-39
7.0537e-39
1.60133e-38
3.62118e-38
8.15694e-38
1.83027e-37
4.09087e-37
9.10824e-37
2.0201e-36
4.46305e-36
9.82238e-36
2.15342e-35
4.70297e-35
1.02317e-34
2.21748e-34
4.78752e-34
1.02968e-33
2.20614e-33
4.70882e-33
1.00124e-32
2.12087e-32
4.4755e-32
9.40858e-32
1.97044e-31
4.11111e-31
8.54509e-31
1.76944e-30
3.65023e-30
7.50189e-30
1.53599e-29
3.13313e-29
6.36705e-29
1.28906e-28
2.60004e-28
5.22476e-28
1.046e-27
2.08629e-27
4.14571e-27
8.20743e-27
1.61882e-26
3.1811e-26
6.22792e-26
1.21478e-25
2.36069e-25
4.5706e-25
8.81656e-25
1.69441e-24
3.24438e-24
6.18929e-24
1.17637e-23
2.22765e-23
4.20289e-23
7.90038e-23
1.47961e-22
2.76088e-22
5.13275e-22
9.50725e-22
1.75454e-21
3.22607e-21
5.91002e-21
1.07872e-20
1.96171e-20
3.55441e-20
6.41662e-20
1.15412e-19
2.06826e-19
3.69287e-19
6.56951e-19
1.16442e-18
2.05634e-18
3.61816e-18
6.34293e-18
1.1079e-17
1.92807e-17
3.34312e-17
5.77551e-17
9.94119e-17
1.70489e-16
2.91314e-16
4.95947e-16
8.41238e-16
1.42171e-15
2.39392e-15
4.01622e-15
6.71324e-15
1.11803e-14
1.85517e-14
3.06703e-14
5.05196e-14
8.29098e-14
1.35568e-13
2.20857e-13
3.58484e-13
5.79737e-13
9.34102e-13
1.49954e-12
2.39841e-12
3.82198e-12
6.06809e-12
9.59872e-12
1.51277e-11
2.37534e-11
3.71599e-11
5.79185e-11
8.99401e-11
1.39149e-10
2.14485e-10
3.29385e-10
5.03963e-10
7.68209e-10
1.16666e-09
1.7652e-09
2.66089e-09
3.99613e-09
5.97904e-09
8.91253e-09
1.32357e-08
1.95825e-08
2.88642e-08
4.23862e-08
6.20094e-08
9.0377e-08
1.31227e-07
1.89825e-07
2.73555e-07
3.92732e-07
5.617e-07
8.00329e-07
1.13602e-06
1.6064e-06
2.26293e-06
3.17567e-06
4.4396e-06
6.18293e-06
8.57796e-06
1.18552e-05
1.63219e-05
2.23854e-05
3.05835e-05
4.16233e-05
5.643e-05
7.62086e-05
0.000102522
0.000137387
0.000183394
0.000243857
0.000322993
0.000426141
0.000560033
0.000733114
0.000955924
0.00124155
0.00160618
0.00206971
0.00265646
0.00339605
0.00432432
0.00548443
0.00692806
0.00871672
0.0109233
0.0136335
0.0169478
0.0209829
0.0258738
0.0317755
0.0388651
0.0473431
0.0574353
0.0693941
0.0834993
0.100059
0.119409
0.141912
0.167958
0.197959
0.232348
0.271572
0.31609
0.366361
0.422841
0.485967
0.556154
0.633774
0.719154
0.812549
0.914141
1.02402
1.14215
1.26841
1.40251
1.54405
1.69244
1.84697
2.00676
2.17075
2.33775
2.50643
2.6753
2.84279
3.0072
3.1668
3.31981
3.46441
3.59886
3.72144
3.83054
3.92469
4.00256
4.06304
4.10521
4.12841
4.13225
4.11659
4.08156
4.02759
3.95535
3.86578
3.76004
3.63951
3.50571
3.36036
3.20524
3.04223
2.87322
2.70011
2.52476
2.34895
2.17437
2.00257
1.83495
1.67276
1.51706
1.36875
1.22852
1.0969
0.974246
0.860739
0.756424
0.661206
0.574875
0.497122
0.427554
0.365718
0.31111
0.263196
0.221427
0.185248
0.15411
0.127482
0.104857
0.0857542
0.0697284
0.0563696
0.0453048
0.0361986
0.0287523
0.0227022
0.0178181
0.0139006
0.0107788
0.00830717
0.00636301
0.00484372
0.00366426
0.00275462
0.00205774
0.00152738
0.00112646
0.000825412
0.000600891
0.000434577
0.000312222
0.000222824
0.000157958
0.000111218
7.77756e-05
5.40157e-05
3.72547e-05
2.55153e-05
1.73522e-05
1.1717e-05
7.85526e-06
5.22826e-06
3.45447e-06
2.2657e-06
1.47501e-06
9.53075e-07
6.11181e-07
3.88948e-07
2.45619e-07
1.53904e-07
9.56802e-08
5.90126e-08
3.61064e-08
2.19132e-08
1.31909e-08
7.87509e-09
4.6624e-09
2.73715e-09
1.59325e-09
9.19452e-10
5.26006e-10
2.98282e-10
1.67648e-10
9.33812e-11
5.15426e-11
2.81886e-11
1.52734e-11
8.19789e-12
4.3584e-12
2.29488e-12
1.19661e-12
6.17797e-13
3.15785e-13
1.59784e-13
8.00231e-14
3.96624e-14
1.9452e-14
9.43874e-15
4.53067e-15
2.15103e-15
1.00995e-15
4.68879e-16
2.15206e-16
9.76361e-17
4.37782e-17
1.93965e-17
8.49037e-18
3.67107e-18
1.56761e-18
6.60972e-19
2.75131e-19
1.13037e-19
4.5829e-20
1.83316e-20
7.23286e-21
2.8143e-21
1.07965e-21
4.08263e-22
1.52139e-22
5.58569e-23
2.01993e-23
7.19285e-24
2.52149e-24
8.69928e-25
2.95294e-25
9.85927e-26
3.23685e-26
1.04461e-26
3.31284e-27
1.0321e-27
3.15773e-28
9.4844e-29
2.7956e-29
8.08379e-30
2.2923e-30
6.37208e-31
1.73572e-31
4.63122e-32
1.20992e-32
3.09376e-33
7.73939e-34
1.89336e-34
4.52775e-35
1.05795e-35
2.4143e-36
5.37856e-37
1.16922e-37
2.47904e-38
5.12426e-39
1.03214e-39
2.02486e-40
3.86744e-41
7.18446e-42
1.2976e-42
2.25609e-43
3.64338e-44
5.60519e-45
2.8026e-45
2.8026e-45
2.8026e-45
2.8026e-45
2.8026e-45
2.8026e-45
2.8026e-45
2.8026e-45
2.8026e-45
2.8026e-45
2.8026e-45
2.8026e-45
2.8026e-45
2.8026e-45
2.8026e-45
2.8026e-45
2.8026e-45
2.8026e-45
2.8026e-45
2.8026e-45
2.8026e-45
2.8026e-45
2.8026e-45
2.8026e-45
2.8026e-45
2.8026e-45
2.8026e-45
2.8026e-45
2.8026e-45
2.8026e-45
2.8026e-45
0.0
0.0
0.0
0.0
0.0
0.0
0.0
0.0
0.0
0.0
0.0
0.0
0.0
0.0
0.0
0.0
0.0
0.0
0.0
0.0
0.0
0.0
0.0
0.0
0.0
0.0
0.0
0.0
0.0
0.0
0.0
0.0
0.0
0.0
0.0
0.0
0.0
0.0
0.0
0.0
0.0
0.0
0.0
0.0
0.0
0.0
0.0
0.0
0.0
0.0
0.0
0.0
0.0
0.0
0.0
0.0
0.0
0.0
0.0
0.0
0.0
0.0
0.0
0.0
0.0
0.0
0.0
0.0
0.0
0.0
0.0
0.0
0.0
0.0
0.0
0.0
0.0
0.0
0.0
0.0
0.0
0.0
0.0
0.0
0.0
0.0
0.0
0.0
0.0
0.0
0.0
0.0
0.0
0.0
0.0
0.0
0.0
0.0
0.0
0.0
0.0
0.0
0.0
0.0
0.0
0.0
0.0
0.0
0.0
0.0
0.0
0.0
0.0
0.0
0.0
0.0
0.0
0.0
0.0
0.0
0.0
0.0
0.0
0.0
0.0
0.0
0.0
0.0
0.0
0.0
0.0
0.0
0.0
0.0
0.0
0.0
0.0
0.0
0.0
0.0
0.0
0.0
0.0
0.0
0.0
0.0
0.0
0.0
0.0
0.0
0.0
0.0
0.0
0.0
0.0
0.0
0.0
0.0
0.0
0.0
0.0
0.0
0.0
0.0
0.0
0.0
0.0
0.0
0.0
0.0
0.0
0.0
0.0
0.0
0.0
0.0
0.0
0.0
