4.65241e-23
4.83819e-23
5.21688e-23
5.80294e-23
6.61874e-23
7.69539e-23
9.07381e-23
1.08063e-22
1.29583e-22
1.56109e-22
1.88637e-22
2.28384e-22
2.7683e-22
3.35774e-22
4.07394e-22
4.94327e-22
5.99757e-22
7.27532e-22
8.82295e-22
1.06965e-21
1.29633e-21
1.57048e-21
1.90188e-21
2.30231e-21
2.78595e-21
3.36983e-21
4.07442e-21
4.92435e-21
5.94914e-21
7.18426e-21
8.67227e-21
1.04642e-20
1.26212e-20
1.52166e-20
1.83382e-20
2.20912e-20
2.66013e-20
3.20191e-20
3.85245e-20
4.63327e-20
5.57006e-20
6.69352e-20
8.04029e-20
9.65408e-20
1.1587e-19
1.39013e-19
1.66711e-19
1.99844e-19
2.39466e-19
2.86825e-19
3.4341e-19
4.1099e-19
4.91669e-19
5.87945e-19
7.02786e-19
8.39715e-19
1.00291e-18
1.19734e-18
1.42888e-18
1.70449e-18
2.03244e-18
2.42249e-18
2.88622e-18
3.43732e-18
4.09198e-18
4.86934e-18
5.79201e-18
6.88671e-18
8.18496e-18
9.72399e-18
1.15477e-17
1.37079e-17
1.62655e-17
1.92924e-17
2.28733e-17
2.71079e-17
3.21133e-17
3.80275e-17
4.50125e-17
5.3259e-17
6.29904e-17
7.44698e-17
8.80052e-17
1.03959e-16
1.22754e-16
1.44889e-16
1.70945e-16
2.01605e-16
2.37667e-16
2.80067e-16
3.29896e-16
3.88433e-16
4.57171e-16
5.37855e-16
6.3252e-16
7.43546e-16
8.73704e-16
1.02623e-15
1.20489e-15
1.41409e-15
1.65893e-15
1.94537e-15
2.28035e-15
2.67192e-15
3.12946e-15
3.66387e-15
4.28779e-15
5.01593e-15
5.86534e-15
6.85581e-15
8.01028e-15
9.35537e-15
1.09219e-14
1.27456e-14
1.48677e-14
1.73362e-14
2.02063e-14
2.3542e-14
2.74173e-14
3.19176e-14
3.71415e-14
4.3203e-14
5.02332e-14
5.83839e-14
6.78296e-14
7.87717e-14
9.14417e-14
1.06107e-13
1.23074e-13
1.42697e-13
1.65381e-13
1.91594e-13
2.21872e-13
2.56831e-13
2.97178e-13
3.43724e-13
3.97401e-13
4.59273e-13
5.30565e-13
6.12675e-13
7.07206e-13
8.15994e-13
9.41135e-13
1.08503e-12
1.25042e-12
1.44044e-12
1.65867e-12
1.90918e-12
2.19665e-12
2.52638e-12
2.90443e-12
3.33771e-12
3.83407e-12
4.40248e-12
5.05311e-12
5.79756e-12
6.649e-12
7.62242e-12
8.73481e-12
1.00055e-11
1.14565e-11
1.31125e-11
1.50019e-11
1.71567e-11
1.9613e-11
2.24119e-11
2.56e-11
2.92298e-11
3.33608e-11
3.80603e-11
4.34043e-11
4.94788e-11
5.63807e-11
6.42195e-11
7.31187e-11
8.32177e-11
9.46733e-11
1.07663e-10
1.22385e-10
1.39064e-10
1.57953e-10
1.79336e-10
2.03531e-10
2.30897e-10
2.61838e-10
2.96806e-10
3.36309e-10
3.80916e-10
4.31266e-10
4.88074e-10
5.52145e-10
6.24374e-10
7.0577e-10
7.97455e-10
9.00689e-10
1.01688e-09
1.1476e-09
1.2946e-09
1.45984e-09
1.64552e-09
1.85406e-09
2.0882e-09
2.35097e-09
2.64573e-09
2.97626e-09
3.34673e-09
3.76181e-09
4.22668e-09
4.74709e-09
5.32943e-09
5.98082e-09
6.70912e-09
7.5231e-09
8.43245e-09
9.44792e-09
1.05814e-08
1.18462e-08
1.32568e-08
1.48295e-08
1.6582e-08
1.85343e-08
2.07081e-08
2.31276e-08
2.58194e-08
2.8813e-08
3.21408e-08
3.58386e-08
3.99458e-08
4.45058e-08
4.95666e-08
5.51807e-08
6.14062e-08
6.83066e-08
7.5952e-08
8.44194e-08
9.37932e-08
1.04166e-07
1.1564e-07
1.28326e-07
1.42347e-07
1.57837e-07
1.74943e-07
1.93824e-07
2.14658e-07
2.37636e-07
2.62969e-07
2.90885e-07
3.21637e-07
3.55497e-07
3.92766e-07
4.33767e-07
4.78857e-07
5.28423e-07
5.82887e-07
6.42708e-07
7.08384e-07
7.8046e-07
8.59526e-07
9.46223e-07
1.04125e-06
1.14536e-06
1.25938e-06
1.3842e-06
1.52077e-06
1.67016e-06
1.83349e-06
2.01199e-06
2.20699e-06
2.41991e-06
2.65233e-06
2.9059e-06
3.18244e-06
3.48391e-06
3.81242e-06
4.17024e-06
4.55982e-06
4.98381e-06
5.44505e-06
5.9466e-06
6.49176e-06
7.08408e-06
7.72735e-06
8.42568e-06
9.18344e-06
1.00054e-05
1.08965e-05
1.18623e-05
1.29085e-05
1.40415e-05
1.52677e-05
1.65945e-05
1.80293e-05
1.95804e-05
2.12565e-05
2.30668e-05
2.50214e-05
2.71307e-05
2.94062e-05
3.18598e-05
3.45043e-05
3.73536e-05
4.04219e-05
4.3725e-05
4.7279e-05
5.11016e-05
5.52113e-05
5.96277e-05
6.43718e-05
6.94657e-05
7.49327e-05
8.07979e-05
8.70875e-05
9.38294e-05
0.000101053
0.000108789
0.000117071
0.000125934
0.000135413
0.000145548
0.000156379
0.00016795
0.000180304
0.000193491
0.000207559
0.000222562
0.000238554
0.000255594
0.000273742
0.000293062
0.000313621
0.000335489
0.000358738
0.000383446
0.000409694
0.000437563
0.000467143
0.000498525
0.000531802
0.000567076
0.00060445
0.00064403
0.000685929
0.000730264
0.000777156
0.00082673
0.000879117
0.000934452
0.000992876
0.00105453
0.00111957
0.00118815
0.00126044
0.00133658
0.00141677
0.00150116
0.00158996
0.00168334
0.00178149
0.00188462
0.00199293
0.00210662
0.00222592
0.00235104
0.0024822
0.00261965
0.0027636
0.00291431
0.00307202
0.00323698
0.00340944
0.00358967
0.00377792
0.00397447
0.00417958
0.00439354
0.00461661
0.00484909
0.00509125
0.00534339
0.00560579
0.00587874
0.00616253
0.00645746
0.00676383
0.00708191
0.00741202
0.00775444
0.00810946
0.00847736
0.00885845
0.00925299
0.00966128
0.0100836
0.0105202
0.0109713
0.0114372
0.0119182
0.0124146
0.0129264
0.013454
0.0139976
0.0145574
0.0151336
0.0157264
0.0163359
0.0169622
0.0176057
0.0182663
0.0189441
0.0196394
0.020352
0.0210822
0.0218299
0.0225952
0.023378
0.0241784
0.0249963
0.0258316
0.0266842
0.0275541
0.028441
0.0293449
0.0302655
0.0312026
0.032156
0.0331253
0.0341104
0.0351109
0.0361263
0.0371565
0.0382008
0.039259
0.0403305
0.0414148
0.0425115
0.0436199
0.0447394
0.0458696
0.0470096
0.0481589
0.0493167
0.0504825
0.0516552
0.0528343
0.0540189
0.0552082
0.0564014
0.0575975
0.0587957
0.059995
0.0611946
0.0623934
0.0635905
0.064785
0.0659757
0.0671618
0.068342
0.0695155
0.0706811
0.0718379
0.0729846
0.0741203
0.0752439
0.0763543
0.0774503
0.078531
0.0795953
0.080642
0.0816702
0.0826787
0.0836666
0.0846327
0.0855762
0.0864958
0.0873908
0.08826
0.0891027
0.0899177
0.0907043
0.0914615
0.0921886
0.0928847
0.093549
0.0941807
0.0947792
0.0953437
0.0958736
0.0963683
0.0968272
0.0972498
0.0976356
0.0979841
0.0982949
0.0985677
0.0988021
0.0989979
0.0991547
0.0992726
0.0993512
0.0993905
0.0993905
0.0993512
0.0992726
0.0991547
0.0989979
0.0988021
0.0985677
0.0982949
0.0979841
0.0976356
0.0972498
0.0968272
0.0963683
0.0958736
0.0953437
0.0947792
0.0941807
0.093549
0.0928847
0.0921886
0.0914615
0.0907043
0.0899177
0.0891027
0.08826
0.0873908
0.0864958
0.0855762
0.0846327
0.0836666
0.0826787
0.0816702
0.080642
0.0795953
0.078531
0.0774503
0.0763543
0.0752439
0.0741203
0.0729846
0.0718379
0.0706811
0.0695155
0.068342
0.0671618
0.0659757
0.064785
0.0635905
0.0623934
0.0611946
0.059995
0.0587957
0.0575975
0.0564014
0.0552082
0.0540189
0.0528343
0.0516552
0.0504825
0.0493167
0.0481589
0.0470096
0.0458696
0.0447394
0.0436199
0.0425115
0.0414148
0.0403305
0.039259
0.0382008
0.0371565
0.0361263
0.0351109
0.0341104
0.0331253
0.032156
0.0312026
0.0302655
0.0293449
0.028441
0.0275541
0.0266842
0.0258316
0.0249963
0.0241784
0.023378
0.0225952
0.0218299
0.0210822
0.020352
0.0196394
0.0189441
0.0182663
0.0176057
0.0169622
0.0163359
0.0157264
0.0151336
0.0145574
0.0139976
0.013454
0.0129264
0.0124146
0.0119182
0.0114372
0.0109713
0.0105202
0.0100836
0.00966128
0.00925299
0.00885845
0.00847736
0.00810946
0.00775444
0.00741202
0.00708191
0.00676383
0.00645746
0.00616253
0.00587874
0.00560579
0.00534339
0.00509125
0.00484909
0.00461661
0.00439354
0.00417958
0.00397447
0.00377792
0.00358967
0.00340944
0.00323698
0.00307202
0.00291431
0.0027636
0.00261965
0.0024822
0.00235104
0.00222592
0.00210662
0.00199293
0.00188462
0.00178149
0.00168334
0.00158996
0.00150116
0.00141677
0.00133658
0.00126044
0.00118815
0.00111957
0.00105453
0.000992876
0.000934452
0.000879117
0.00082673
0.000777156
0.000730264
0.000685929
0.00064403
0.00060445
0.000567076
0.000531802
0.000498525
0.000467143
0.000437563
0.000409694
0.000383446
0.000358738
0.000335489
0.000313621
0.000293062
0.000273742
0.000255594
0.000238554
0.000222562
0.000207559
0.000193491
0.000180304
0.00016795
0.000156379
0.000145548
0.000135413
0.000125934
0.000117071
0.000108789
0.000101053
9.38294e-05
8.70875e-05
8.07979e-05
7.49327e-05
6.94657e-05
6.43718e-05
5.96277e-05
5.52113e-05
5.11016e-05
4.7279e-05
4.3725e-05
4.04219e-05
3.73536e-05
3.45043e-05
3.18598e-05
2.94062e-05
2.71307e-05
2.50214e-05
2.30668e-05
2.12565e-05
1.95804e-05
1.80293e-05
1.65945e-05
1.52677e-05
1.40415e-05
1.29085e-05
1.18623e-05
1.08965e-05
1.00054e-05
9.18344e-06
8.42568e-06
7.72735e-06
7.08408e-06
6.49176e-06
5.9466e-06
5.44505e-06
4.98381e-06
4.55982e-06
4.17024e-06
3.81242e-06
3.48391e-06
3.18244e-06
2.9059e-06
2.65233e-06
2.41991e-06
2.20699e-06
2.01199e-06
1.83349e-06
1.67016e-06
1.52077e-06
1.3842e-06
1.25938e-06
1.14536e-06
1.04125e-06
9.46223e-07
8.59526e-07
7.8046e-07
7.08384e-07
6.42708e-07
5.82887e-07
5.28423e-07
4.78857e-07
4.33767e-07
3.92766e-07
3.55497e-07
3.21637e-07
2.90885e-07
2.62969e-07
2.37636e-07
2.14658e-07
1.93824e-07
1.74943e-07
1.57837e-07
1.42347e-07
1.28326e-07
1.1564e-07
1.04166e-07
9.37932e-08
8.44194e-08
7.5952e-08
6.83066e-08
6.14062e-08
5.51807e-08
4.95666e-08
4.45058e-08
3.99458e-08
3.58386e-08
3.21408e-08
2.8813e-08
2.58194e-08
2.31276e-08
2.07081e-08
1.85343e-08
1.6582e-08
1.48295e-08
1.32568e-08
1.18462e-08
1.05814e-08
9.44792e-09
8.43245e-09
7.5231e-09
6.70912e-09
5.98082e-09
5.32943e-09
4.74709e-09
4.22668e-09
3.76181e-09
3.34673e-09
2.97626e-09
2.64573e-09
2.35097e-09
2.0882e-09
1.85406e-09
1.64552e-09
1.45984e-09
1.2946e-09
1.1476e-09
1.01688e-09
9.00689e-10
7.97455e-10
7.0577e-10
6.24374e-10
5.52145e-10
4.88074e-10
4.31266e-10
3.80916e-10
3.36309e-10
2.96806e-10
2.61838e-10
2.30897e-10
2.03531e-10
1.79336e-10
1.57953e-10
1.39064e-10
1.22385e-10
1.07663e-10
9.46733e-11
8.32177e-11
7.31187e-11
6.42195e-11
5.63807e-11
4.94788e-11
4.34043e-11
3.80603e-11
3.33608e-11
2.92298e-11
2.56e-11
2.24119e-11
1.9613e-11
1.71567e-11
1.50019e-11
1.31125e-11
1.14565e-11
1.00055e-11
8.73481e-12
7.62242e-12
6.649e-12
5.79756e-12
5.05311e-12
4.40248e-12
3.83407e-12
3.33771e-12
2.90443e-12
2.52638e-12
2.19665e-12
1.90918e-12
1.65867e-12
1.44044e-12
1.25042e-12
1.08503e-12
9.41135e-13
8.15994e-13
7.07206e-13
6.12675e-13
5.30565e-13
4.59273e-13
3.97401e-13
3.43724e-13
2.97178e-13
2.56831e-13
2.21872e-13
1.91594e-13
1.65381e-13
1.42697e-13
1.23074e-13
1.06107e-13
9.14417e-14
7.87717e-14
6.78296e-14
5.83839e-14
5.02332e-14
4.3203e-14
3.71415e-14
3.19176e-14
2.74173e-14
2.3542e-14
2.02063e-14
1.73362e-14
1.48677e-14
1.27456e-14
1.09219e-14
9.35537e-15
8.01028e-15
6.85581e-15
5.86534e-15
5.01593e-15
4.28779e-15
3.66387e-15
3.12946e-15
2.67192e-15
2.28035e-15
1.94537e-15
1.65893e-15
1.41409e-15
1.20489e-15
1.02623e-15
8.73704e-16
7.43546e-16
6.3252e-16
5.37855e-16
4.57171e-16
3.88433e-16
3.29896e-16
2.80067e-16
2.37667e-16
2.01605e-16
1.70945e-16
1.44889e-16
1.22754e-16
1.03959e-16
8.80052e-17
7.44698e-17
6.29904e-17
5.3259e-17
4.50125e-17
3.80275e-17
3.21133e-17
2.71079e-17
2.28733e-17
1.92924e-17
1.62655e-17
1.37079e-17
1.15477e-17
9.72399e-18
8.18496e-18
6.88671e-18
5.79201e-18
4.86934e-18
4.09198e-18
3.43732e-18
2.88622e-18
2.42249e-18
2.03244e-18
1.70449e-18
1.42888e-18
1.19734e-18
1.00291e-18
8.39715e-19
7.02786e-19
5.87945e-19
4.91669e-19
4.1099e-19
3.4341e-19
2.86825e-19
2.39466e-19
1.99844e-19
1.66711e-19
1.39013e-19
1.1587e-19
9.65408e-20
8.04029e-20
6.69352e-20
5.57006e-20
4.63327e-20
3.85245e-20
3.20191e-20
2.66013e-20
2.20912e-20
1.83382e-20
1.52166e-20
1.26212e-20
1.04642e-20
8.67227e-21
7.18426e-21
5.94914e-21
4.92435e-21
4.07442e-21
3.36983e-21
2.78595e-21
2.30231e-21
1.90188e-21
1.57048e-21
1.29633e-21
1.06965e-21
8.82295e-22
7.27532e-22
5.99757e-22
4.94327e-22
4.07394e-22
3.35774e-22
2.7683e-22
2.28384e-22
1.88637e-22
1.56109e-22
1.29583e-22
1.08063e-22
9.07381e-23
7.69539e-23
6.61874e-23
5.80294e-23
5.21688e-23
4.83819e-23
4.65241e-23
