0.00292368
0.00302664
0.00323462
0.00355175
0.00398418
0.00454014
0.00522983
0.00606549
0.0070613
0.00823329
0.00959937
0.0111791
0.0129936
0.0150654
0.0174182
0.0200767
0.023066
0.0264118
0.0301394
0.0342736
0.0388382
0.0438554
0.0493452
0.0553248
0.0618082
0.0688051
0.0763208
0.0843553
0.0929027
0.101951
0.11148
0.121466
0.131873
0.14266
0.153779
0.165172
0.176777
0.188521
0.200328
0.212115
0.223794
0.235273
0.246459
0.257255
0.267567
0.277299
0.28636
0.294663
0.302125
0.308671
0.314234
0.318756
0.322191
0.324501
0.325662
0.325662
0.324501
0.322191
0.318756
0.314234
0.308671
0.302125
0.294663
0.28636
0.277299
0.267567
0.257255
0.246459
0.235273
0.223794
0.212115
0.200328
0.188521
0.176777
0.165172
0.153779
0.14266
0.131873
0.121466
0.11148
0.101951
0.0929027
0.0843553
0.0763208
0.0688051
0.0618082
0.0553248
0.0493452
0.0438554
0.0388382
0.0342736
0.0301394
0.0264118
0.023066
0.0200767
0.0174182
0.0150654
0.0129936
0.0111791
0.00959937
0.00823329
0.0070613
0.00606549
0.00522983
0.00454014
0.00398418
0.00355175
0.00323462
0.00302664
0.00292368
