2.4844e-13
2.51835e-13
2.58667e-13
2.69023e-13
2.83035e-13
3.0088e-13
3.22785e-13
3.49026e-13
3.79934e-13
4.15898e-13
4.5737e-13
5.04868e-13
5.58985e-13
6.20395e-13
6.8986e-13
7.68237e-13
8.56492e-13
9.55708e-13
1.0671e-12
1.19202e-12
1.33198e-12
1.48868e-12
1.664e-12
1.86004e-12
2.07913e-12
2.32389e-12
2.5972e-12
2.90228e-12
3.24271e-12
3.62247e-12
4.04595e-12
4.51807e-12
5.04426e-12
5.63055e-12
6.28363e-12
7.01092e-12
7.82064e-12
8.72192e-12
9.72485e-12
1.08406e-11
1.20816e-11
1.34616e-11
1.49956e-11
1.67006e-11
1.85951e-11
2.06996e-11
2.3037e-11
2.56322e-11
2.85131e-11
3.17103e-11
3.52578e-11
3.91929e-11
4.35569e-11
4.83954e-11
5.37587e-11
5.97023e-11
6.62875e-11
7.35816e-11
8.16592e-11
9.0602e-11
1.00501e-10
1.11454e-10
1.23573e-10
1.36976e-10
1.51798e-10
1.68184e-10
1.86295e-10
2.06308e-10
2.28416e-10
2.52834e-10
2.79797e-10
3.09561e-10
3.42411e-10
3.78658e-10
4.18644e-10
4.62742e-10
5.11365e-10
5.64964e-10
6.24034e-10
6.89117e-10
7.60809e-10
8.39761e-10
9.26687e-10
1.02237e-09
1.12767e-09
1.24352e-09
1.37094e-09
1.51107e-09
1.66513e-09
1.83446e-09
2.02054e-09
2.22497e-09
2.4495e-09
2.69605e-09
2.96672e-09
3.2638e-09
3.58978e-09
3.94738e-09
4.33959e-09
4.76963e-09
5.24106e-09
5.75773e-09
6.32384e-09
6.94398e-09
7.62313e-09
8.36672e-09
9.18069e-09
1.00715e-08
1.10461e-08
1.21121e-08
1.3278e-08
1.45526e-08
1.59458e-08
1.74682e-08
1.91315e-08
2.09483e-08
2.29321e-08
2.50979e-08
2.74618e-08
3.00412e-08
3.28552e-08
3.59243e-08
3.92708e-08
4.2919e-08
4.6895e-08
5.12272e-08
5.59465e-08
6.10862e-08
6.66823e-08
7.27738e-08
7.94032e-08
8.6616e-08
9.44618e-08
1.02994e-07
1.1227e-07
1.22353e-07
1.3331e-07
1.45214e-07
1.58144e-07
1.72185e-07
1.87427e-07
2.03972e-07
2.21924e-07
2.41399e-07
2.62521e-07
2.85425e-07
3.10253e-07
3.37162e-07
3.66318e-07
3.97901e-07
4.32106e-07
4.69141e-07
5.09229e-07
5.52613e-07
5.99552e-07
6.50324e-07
7.0523e-07
7.64591e-07
8.28753e-07
8.98088e-07
9.72994e-07
1.0539e-06
1.14126e-06
1.23558e-06
1.33737e-06
1.44721e-06
1.5657e-06
1.69349e-06
1.83128e-06
1.97982e-06
2.1399e-06
2.31237e-06
2.49816e-06
2.69824e-06
2.91366e-06
3.14554e-06
3.39507e-06
3.66353e-06
3.95228e-06
4.26279e-06
4.59661e-06
4.95541e-06
5.34095e-06
5.75514e-06
6.19998e-06
6.67763e-06
7.19038e-06
7.74068e-06
8.33114e-06
8.96452e-06
9.64378e-06
1.03721e-05
1.11527e-05
1.19893e-05
1.28856e-05
1.38457e-05
1.48737e-05
1.59744e-05
1.71524e-05
1.8413e-05
1.97615e-05
2.12039e-05
2.27461e-05
2.43948e-05
2.61567e-05
2.80394e-05
3.00505e-05
3.21982e-05
3.44913e-05
3.6939e-05
3.9551e-05
4.23378e-05
4.53103e-05
4.84801e-05
5.18593e-05
5.54611e-05
5.9299e-05
6.33875e-05
6.7742e-05
7.23786e-05
7.73143e-05
8.25671e-05
8.8156e-05
9.41011e-05
0.000100423
0.000107145
0.00011429
0.000121882
0.000129949
0.000138516
0.000147614
0.000157272
0.000167522
0.000178398
0.000189936
0.000202172
0.000215146
0.000228899
0.000243473
0.000258914
0.00027527
0.00029259
0.000310926
0.000330334
0.00035087
0.000372595
0.000395572
0.000419867
0.000445549
0.000472691
0.000501368
0.00053166
0.000563648
0.000597421
0.000633068
0.000670684
0.000710367
0.000752222
0.000796354
0.000842878
0.000891909
0.00094357
0.000997988
0.0010553
0.00111563
0.00117914
0.00124597
0.00131627
0.00139022
0.00146797
0.00154971
0.00163561
0.00172587
0.00182068
0.00192024
0.00202478
0.0021345
0.00224963
0.00237042
0.00249711
0.00262994
0.00276919
0.00291513
0.00306803
0.00322819
0.00339592
0.00357151
0.0037553
0.00394762
0.00414881
0.00435923
0.00457923
0.00480921
0.00504955
0.00530065
0.00556293
0.00583681
0.00612273
0.00642114
0.00673251
0.00705731
0.00739605
0.00774921
0.00811732
0.00850092
0.00890055
0.00931677
0.00975016
0.0102013
0.0106708
0.0111593
0.0116674
0.0121957
0.012745
0.0133159
0.0139091
0.0145252
0.0151651
0.0158295
0.016519
0.0172346
0.0179769
0.0187467
0.019545
0.0203724
0.0212298
0.0221181
0.0230382
0.0239908
0.024977
0.0259976
0.0270535
0.0281457
0.029275
0.0304425
0.0316492
0.0328958
0.0341836
0.0355134
0.0368862
0.038303
0.039765
0.0412729
0.042828
0.0444312
0.0460836
0.0477862
0.0495399
0.051346
0.0532053
0.055119
0.0570881
0.0591136
0.0611965
0.0633379
0.0655388
0.0678002
0.0701231
0.0725085
0.0749574
0.0774708
0.0800495
0.0826946
0.085407
0.0881876
0.0910373
0.0939569
0.0969472
0.100009
0.103144
0.106351
0.109633
0.112989
0.11642
0.119928
0.123512
0.127173
0.130912
0.134729
0.138624
0.142599
0.146653
0.150787
0.155
0.159294
0.163669
0.168124
0.172659
0.177275
0.181972
0.186749
0.191606
0.196543
0.20156
0.206657
0.211832
0.217086
0.222418
0.227827
0.233312
0.238874
0.24451
0.25022
0.256004
0.261859
0.267785
0.273781
0.279845
0.285976
0.292173
0.298434
0.304756
0.31114
0.317582
0.324082
0.330637
0.337244
0.343903
0.350611
0.357365
0.364163
0.371004
0.377884
0.384801
0.391752
0.398735
0.405746
0.412784
0.419845
0.426926
0.434024
0.441137
0.44826
0.455391
0.462526
0.469663
0.476797
0.483926
0.491046
0.498153
0.505244
0.512315
0.519363
0.526383
0.533373
0.540329
0.547246
0.554121
0.56095
0.56773
0.574457
0.581126
0.587735
0.594278
0.600753
0.607155
0.613481
0.619727
0.625889
0.631963
0.637946
0.643834
0.649623
0.65531
0.66089
0.666362
0.67172
0.676962
0.682085
0.687084
0.691957
0.6967
0.701311
0.705785
0.710121
0.714316
0.718365
0.722268
0.726021
0.729621
0.733067
0.736355
0.739484
0.742452
0.745255
0.747893
0.750364
0.752665
0.754796
0.756754
0.758539
0.760149
0.761583
0.76284
0.763919
0.764819
0.76554
0.766081
0.766442
0.766623
0.766623
0.766442
0.766081
0.76554
0.764819
0.763919
0.76284
0.761583
0.760149
0.758539
0.756754
0.754796
0.752665
0.750364
0.747893
0.745255
0.742452
0.739484
0.736355
0.733067
0.729621
0.726021
0.722268
0.718365
0.714316
0.710121
0.705785
0.701311
0.6967
0.691957
0.687084
0.682085
0.676962
0.67172
0.666362
0.66089
0.65531
0.649623
0.643834
0.637946
0.631963
0.625889
0.619727
0.613481
0.607155
0.600753
0.594278
0.587735
0.581126
0.574457
0.56773
0.56095
0.554121
0.547246
0.540329
0.533373
0.526383
0.519363
0.512315
0.505244
0.498153
0.491046
0.483926
0.476797
0.469663
0.462526
0.455391
0.44826
0.441137
0.434024
0.426926
0.419845
0.412784
0.405746
0.398735
0.391752
0.384801
0.377884
0.371004
0.364163
0.357365
0.350611
0.343903
0.337244
0.330637
0.324082
0.317582
0.31114
0.304756
0.298434
0.292173
0.285976
0.279845
0.273781
0.267785
0.261859
0.256004
0.25022
0.24451
0.238874
0.233312
0.227827
0.222418
0.217086
0.211832
0.206657
0.20156
0.196543
0.191606
0.186749
0.181972
0.177275
0.172659
0.168124
0.163669
0.159294
0.155
0.150787
0.146653
0.142599
0.138624
0.134729
0.130912
0.127173
0.123512
0.119928
0.11642
0.112989
0.109633
0.106351
0.103144
0.100009
0.0969472
0.0939569
0.0910373
0.0881876
0.085407
0.0826946
0.0800495
0.0774708
0.0749574
0.0725085
0.0701231
0.0678002
0.0655388
0.0633379
0.0611965
0.0591136
0.0570881
0.055119
0.0532053
0.051346
0.0495399
0.0477862
0.0460836
0.0444312
0.042828
0.0412729
0.039765
0.038303
0.0368862
0.0355134
0.0341836
0.0328958
0.0316492
0.0304425
0.029275
0.0281457
0.0270535
0.0259976
0.024977
0.0239908
0.0230382
0.0221181
0.0212298
0.0203724
0.019545
0.0187467
0.0179769
0.0172346
0.016519
0.0158295
0.0151651
0.0145252
0.0139091
0.0133159
0.012745
0.0121957
0.0116674
0.0111593
0.0106708
0.0102013
0.00975016
0.00931677
0.00890055
0.00850092
0.00811732
0.00774921
0.00739605
0.00705731
0.00673251
0.00642114
0.00612273
0.00583681
0.00556293
0.00530065
0.00504955
0.00480921
0.00457923
0.00435923
0.00414881
0.00394762
0.0037553
0.00357151
0.00339592
0.00322819
0.00306803
0.00291513
0.00276919
0.00262994
0.00249711
0.00237042
0.00224963
0.0021345
0.00202478
0.00192024
0.00182068
0.00172587
0.00163561
0.00154971
0.00146797
0.00139022
0.00131627
0.00124597
0.00117914
0.00111563
0.0010553
0.000997988
0.00094357
0.000891909
0.000842878
0.000796354
0.000752222
0.000710367
0.000670684
0.000633068
0.000597421
0.000563648
0.00053166
0.000501368
0.000472691
0.000445549
0.000419867
0.000395572
0.000372595
0.00035087
0.000330334
0.000310926
0.00029259
0.00027527
0.000258914
0.000243473
0.000228899
0.000215146
0.000202172
0.000189936
0.000178398
0.000167522
0.000157272
0.000147614
0.000138516
0.000129949
0.000121882
0.00011429
0.000107145
0.000100423
9.41011e-05
8.8156e-05
8.25671e-05
7.73143e-05
7.23786e-05
6.7742e-05
6.33875e-05
5.9299e-05
5.54611e-05
5.18593e-05
4.84801e-05
4.53103e-05
4.23378e-05
3.9551e-05
3.6939e-05
3.44913e-05
3.21982e-05
3.00505e-05
2.80394e-05
2.61567e-05
2.43948e-05
2.27461e-05
2.12039e-05
1.97615e-05
1.8413e-05
1.71524e-05
1.59744e-05
1.48737e-05
1.38457e-05
1.28856e-05
1.19893e-05
1.11527e-05
1.03721e-05
9.64378e-06
8.96452e-06
8.33114e-06
7.74068e-06
7.19038e-06
6.67763e-06
6.19998e-06
5.75514e-06
5.34095e-06
4.95541e-06
4.59661e-06
4.26279e-06
3.95228e-06
3.66353e-06
3.39507e-06
3.14554e-06
2.91366e-06
2.69824e-06
2.49816e-06
2.31237e-06
2.1399e-06
1.97982e-06
1.83128e-06
1.69349e-06
1.5657e-06
1.44721e-06
1.33737e-06
1.23558e-06
1.14126e-06
1.0539e-06
9.72994e-07
8.98088e-07
8.28753e-07
7.64591e-07
7.0523e-07
6.50324e-07
5.99552e-07
5.52613e-07
5.09229e-07
4.69141e-07
4.32106e-07
3.97901e-07
3.66318e-07
3.37162e-07
3.10253e-07
2.85425e-07
2.62521e-07
2.41399e-07
2.21924e-07
2.03972e-07
1.87427e-07
1.72185e-07
1.58144e-07
1.45214e-07
1.3331e-07
1.22353e-07
1.1227e-07
1.02994e-07
9.44618e-08
8.6616e-08
7.94032e-08
7.27738e-08
6.66823e-08
6.10862e-08
5.59465e-08
5.12272e-08
4.6895e-08
4.2919e-08
3.92708e-08
3.59243e-08
3.28552e-08
3.00412e-08
2.74618e-08
2.50979e-08
2.29321e-08
2.09483e-08
1.91315e-08
1.74682e-08
1.59458e-08
1.45526e-08
1.3278e-08
1.21121e-08
1.10461e-08
1.00715e-08
9.18069e-09
8.36672e-09
7.62313e-09
6.94398e-09
6.32384e-09
5.75773e-09
5.24106e-09
4.76963e-09
4.33959e-09
3.94738e-09
3.58978e-09
3.2638e-09
2.96672e-09
2.69605e-09
2.4495e-09
2.22497e-09
2.02054e-09
1.83446e-09
1.66513e-09
1.51107e-09
1.37094e-09
1.24352e-09
1.12767e-09
1.02237e-09
9.26687e-10
8.39761e-10
7.60809e-10
6.89117e-10
6.24034e-10
5.64964e-10
5.11365e-10
4.62742e-10
4.18644e-10
3.78658e-10
3.42411e-10
3.09561e-10
2.79797e-10
2.52834e-10
2.28416e-10
2.06308e-10
1.86295e-10
1.68184e-10
1.51798e-10
1.36976e-10
1.23573e-10
1.11454e-10
1.00501e-10
9.0602e-11
8.16592e-11
7.35816e-11
6.62875e-11
5.97023e-11
5.37587e-11
4.83954e-11
4.35569e-11
3.91929e-11
3.52578e-11
3.17103e-11
2.85131e-11
2.56322e-11
2.3037e-11
2.06996e-11
1.85951e-11
1.67006e-11
1.49956e-11
1.34616e-11
1.20816e-11
1.08406e-11
9.72485e-12
8.72192e-12
7.82064e-12
7.01092e-12
6.28363e-12
5.63055e-12
5.04426e-12
4.51807e-12
4.04595e-12
3.62247e-12
3.24271e-12
2.90228e-12
2.5972e-12
2.32389e-12
2.07913e-12
1.86004e-12
1.664e-12
1.48868e-12
1.33198e-12
1.19202e-12
1.0671e-12
9.55708e-13
8.56492e-13
7.68237e-13
6.8986e-13
6.20395e-13
5.58985e-13
5.04868e-13
4.5737e-13
4.15898e-13
3.79934e-13
3.49026e-13
3.22785e-13
3.0088e-13
2.83035e-13
2.69023e-13
2.58667e-13
2.51835e-13
2.4844e-13
