7.51975e-05
5.84753e-05
4.53692e-05
3.5121e-05
2.7126e-05
2.09033e-05
1.60714e-05
1.23281e-05
9.43503e-06
7.20426e-06
5.48823e-06
4.17127e-06
3.16298e-06
2.39283e-06
1.80598e-06
1.35986e-06
1.02154e-06
7.65587e-07
5.72407e-07
4.26958e-07
3.17711e-07
2.35854e-07
1.74668e-07
1.29045e-07
9.51094e-08
6.99288e-08
5.12904e-08
3.75284e-08
2.73921e-08
1.99447e-08
1.44865e-08
1.04962e-08
7.58624e-09
5.46947e-09
3.93354e-09
2.82188e-09
2.01933e-09
1.44141e-09
1.02629e-09
7.28884e-10
5.16351e-10
3.6486e-10
2.57157e-10
1.80784e-10
1.26766e-10
8.866e-11
6.18484e-11
4.3033e-11
2.98637e-11
2.06704e-11
1.42697e-11
9.82516e-12
6.74707e-12
4.62104e-12
3.15652e-12
2.15039e-12
1.46104e-12
9.90008e-13
6.69026e-13
4.5089e-13
3.03052e-13
2.03132e-13
1.35784e-13
9.05162e-14
6.01734e-14
3.98914e-14
2.63722e-14
1.7386e-14
1.14298e-14
7.49297e-15
4.89827e-15
3.19301e-15
2.0755e-15
1.34525e-15
8.69435e-16
5.60301e-16
3.60039e-16
2.30683e-16
1.47373e-16
9.38743e-17
5.96212e-17
3.77548e-17
2.38373e-17
1.50055e-17
9.41771e-18
5.89301e-18
3.67638e-18
2.2866e-18
1.41788e-18
8.76524e-19
5.40203e-19
3.31904e-19
2.03295e-19
1.24134e-19
7.55616e-20
4.58512e-20
2.77354e-20
1.67241e-20
1.00525e-20
6.02311e-21
3.59729e-21
2.14157e-21
1.27082e-21
7.51666e-22
4.43148e-22
2.60404e-22
1.52516e-22
8.90321e-23
5.18004e-23
3.00377e-23
1.73597e-23
9.99893e-24
5.73972e-24
3.28358e-24
1.87205e-24
1.06364e-24
6.02234e-25
3.39804e-25
1.91062e-25
1.07052e-25
5.97695e-26
3.32525e-26
1.84341e-26
1.01826e-26
5.60445e-27
3.0735e-27
1.67939e-27
9.14276e-28
4.95912e-28
2.67994e-28
1.44287e-28
7.73935e-29
4.13568e-29
2.20164e-29
1.16759e-29
6.16844e-30
3.24629e-30
1.70183e-30
8.88702e-31
4.62269e-31
2.39509e-31
1.23603e-31
6.35337e-32
3.25266e-32
1.65852e-32
8.42249e-33
4.25978e-33
2.14561e-33
1.07626e-33
5.37625e-34
2.67438e-34
1.32477e-34
6.53453e-35
3.2095e-35
1.56963e-35
7.64326e-36
3.70572e-36
1.78882e-36
8.59699e-37
4.1134e-37
1.95937e-37
9.29135e-38
4.38608e-38
2.06108e-38
9.64097e-39
4.4889e-39
2.08036e-39
9.59623e-40
4.40568e-40
2.01304e-40
9.15384e-41
4.14224e-41
1.86499e-41
8.35594e-42
3.72325e-42
1.64793e-42
7.24471e-43
3.15292e-43
1.33123e-43
5.60519e-44
2.10195e-44
7.00649e-45
2.8026e-45
2.8026e-45
2.8026e-45
2.8026e-45
2.8026e-45
2.8026e-45
2.8026e-45
2.8026e-45
2.8026e-45
2.8026e-45
2.8026e-45
2.8026e-45
2.8026e-45
2.8026e-45
2.8026e-45
2.8026e-45
2.8026e-45
2.8026e-45
2.8026e-45
2.8026e-45
2.8026e-45
2.8026e-45
2.8026e-45
2.8026e-45
2.8026e-45
2.8026e-45
2.8026e-45
2.8026e-45
2.8026e-45
2.8026e-45
2.8026e-45
2.8026e-45
2.8026e-45
2.8026e-45
2.8026e-45
2.8026e-45
2.8026e-45
2.8026e-45
2.8026e-45
2.8026e-45
2.8026e-45
2.8026e-45
2.8026e-45
2.8026e-45
2.8026e-45
2.8026e-45
2.8026e-45
2.8026e-45
2.8026e-45
2.8026e-45
2.8026e-45
2.8026e-45
2.8026e-45
2.8026e-45
2.8026e-45
2.8026e-45
2.8026e-45
2.8026e-45
2.8026e-45
2.8026e-45
2.8026e-45
2.8026e-45
2.8026e-45
2.8026e-45
2.8026e-45
2.8026e-45
2.8026e-45
2.8026e-45
2.8026e-45
2.8026e-45
2.8026e-45
2.8026e-45
2.8026e-45
2.8026e-45
2.8026e-45
2.8026e-45
2.8026e-45
2.8026e-45
2.8026e-45
2.8026e-45
2.8026e-45
2.8026e-45
2.8026e-45
2.8026e-45
2.8026e-45
2.8026e-45
2.8026e-45
2.8026e-45
2.8026e-45
2.8026e-45
2.8026e-45
2.8026e-45
2.8026e-45
2.8026e-45
2.8026e-45
2.8026e-45
2.8026e-45
2.8026e-45
2.8026e-45
2.8026e-45
2.8026e-45
2.8026e-45
2.8026e-45
2.8026e-45
2.8026e-45
2.8026e-45
2.8026e-45
2.8026e-45
2.8026e-45
2.8026e-45
2.8026e-45
2.8026e-45
2.8026e-45
2.8026e-45
2.8026e-45
2.8026e-45
2.8026e-45
2.8026e-45
2.8026e-45
2.8026e-45
2.8026e-45
2.8026e-45
2.8026e-45
2.8026e-45
2.8026e-45
2.8026e-45
2.8026e-45
2.8026e-45
2.8026e-45
2.8026e-45
2.8026e-45
2.8026e-45
2.8026e-45
2.8026e-45
2.8026e-45
2.8026e-45
2.8026e-45
2.8026e-45
2.8026e-45
2.8026e-45
0.0
0.0
0.0
0.0
0.0
0.0
0.0
0.0
0.0
0.0
0.0
0.0
0.0
0.0
0.0
0.0
0.0
0.0
0.0
0.0
0.0
0.0
0.0
0.0
0.0
0.0
0.0
0.0
0.0
0.0
0.0
0.0
0.0
0.0
0.0
0.0
0.0
0.0
0.0
0.0
0.0
0.0
0.0
0.0
0.0
0.0
0.0
0.0
0.0
0.0
0.0
0.0
0.0
0.0
0.0
0.0
0.0
0.0
0.0
0.0
0.0
0.0
0.0
0.0
0.0
0.0
0.0
0.0
0.0
0.0
0.0
0.0
0.0
0.0
0.0
0.0
0.0
0.0
0.0
0.0
0.0
0.0
0.0
0.0
0.0
0.0
0.0
0.0
0.0
0.0
0.0
0.0
0.0
0.0
0.0
0.0
0.0
0.0
0.0
0.0
0.0
0.0
0.0
0.0
0.0
0.0
0.0
0.0
0.0
0.0
0.0
0.0
0.0
0.0
0.0
0.0
0.0
0.0
0.0
0.0
0.0
0.0
0.0
0.0
0.0
0.0
0.0
0.0
0.0
0.0
0.0
0.0
0.0
0.0
0.0
0.0
0.0
0.0
0.0
0.0
0.0
0.0
0.0
0.0
0.0
0.0
0.0
0.0
0.0
0.0
0.0
0.0
0.0
0.0
0.0
0.0
0.0
0.0
0.0
0.0
0.0
0.0
0.0
0.0
0.0
0.0
0.0
0.0
1.4013e-45
5.60519e-45
8.40779e-45
1.26117e-44
2.52234e-44
4.34403e-44
7.70714e-44
1.37327e-43
2.35418e-43
4.00771e-43
6.88038e-43
1.17149e-42
1.98844e-42
3.37853e-42
5.7229e-42
9.67877e-42
1.63433e-41
2.75593e-41
4.64082e-41
7.80425e-41
1.31066e-40
2.19826e-40
3.68208e-40
6.15938e-40
1.029e-39
1.71681e-39
2.86064e-39
4.76033e-39
7.91124e-39
1.31306e-38
2.17649e-38
3.60299e-38
5.95664e-38
9.83496e-38
1.62172e-37
2.67063e-37
4.39221e-37
7.21415e-37
1.18337e-36
1.93859e-36
3.17165e-36
5.18223e-36
8.4563e-36
1.37808e-35
2.24287e-35
3.64555e-35
5.91772e-35
9.5935e-35
1.55322e-34
2.51141e-34
4.05542e-34
6.5401e-34
1.05333e-33
1.69424e-33
2.72156e-33
4.36607e-33
6.99512e-33
1.11926e-32
1.78852e-32
2.85424e-32
4.54901e-32
7.24057e-32
1.15096e-31
1.82716e-31
2.89682e-31
4.58667e-31
7.25276e-31
1.14535e-30
1.80635e-30
2.84509e-30
4.47527e-30
7.03026e-30
1.10294e-29
1.72807e-29
2.70395e-29
4.22537e-29
6.59415e-29
1.02774e-28
1.59967e-28
2.48662e-28
3.86025e-28
5.98479e-28
9.26636e-28
1.43284e-27
2.21264e-27
3.41235e-27
5.25559e-27
8.08381e-27
1.24176e-26
1.90495e-26
2.91848e-26
4.46535e-26
6.82308e-26
1.04119e-25
1.58674e-25
2.41494e-25
3.67055e-25
5.57161e-25
8.44608e-25
1.27866e-24
1.9332e-24
2.91893e-24
4.40143e-24
6.62808e-24
9.96794e-24
1.49708e-23
2.24548e-23
3.36353e-23
5.03157e-23
7.51683e-23
1.12147e-22
1.67094e-22
2.48633e-22
3.69468e-22
5.48296e-22
8.12597e-22
1.2027e-21
1.77769e-21
2.62409e-21
3.8683e-21
5.69484e-21
8.37264e-21
1.22931e-20
1.80253e-20
2.63949e-20
3.85991e-20
5.63705e-20
8.22139e-20
1.19745e-19
1.74175e-19
2.53006e-19
3.67024e-19
5.31709e-19
7.69256e-19
1.11143e-18
1.60366e-18
2.31077e-18
3.32519e-18
4.7785e-18
6.85776e-18
9.82849e-18
1.40671e-17
2.01066e-17
2.87003e-17
4.09117e-17
5.82399e-17
8.27957e-17
1.17546e-16
1.66655e-16
2.35962e-16
3.3364e-16
4.71113e-16
6.64329e-16
9.35518e-16
1.31562e-15
1.84766e-15
2.59132e-15
3.62936e-15
5.07631e-15
7.09048e-15
9.89034e-15
1.3777e-14
1.91649e-14
2.66236e-14
3.69347e-14
5.11692e-14
7.07928e-14
9.78084e-14
1.34949e-13
1.85938e-13
2.55842e-13
3.51544e-13
4.82384e-13
6.61013e-13
9.04547e-13
1.23611e-12
1.68688e-12
2.29887e-12
3.12858e-12
4.25188e-12
5.77056e-12
7.82088e-12
1.05851e-11
1.43065e-11
1.93096e-11
2.60262e-11
3.50308e-11
4.70854e-11
6.32008e-11
8.47142e-11
1.13393e-10
1.51571e-10
2.02322e-10
2.69691e-10
3.58992e-10
4.77199e-10
6.33445e-10
8.3968e-10
1.11151e-09
1.46929e-09
1.93951e-09
2.55666e-09
3.36547e-09
4.42396e-09
5.80723e-09
7.61233e-09
9.96454e-09
1.30253e-08
1.70023e-08
2.21625e-08
2.88482e-08
3.74979e-08
4.86725e-08
6.30882e-08
8.16583e-08
1.05545e-07
1.36228e-07
1.75581e-07
2.25982e-07
2.9044e-07
3.72754e-07
4.7772e-07
6.11376e-07
7.81315e-07
9.97072e-07
1.2706e-06
1.61686e-06
2.05456e-06
2.60702e-06
3.30332e-06
4.17962e-06
5.28083e-06
6.66263e-06
8.39397e-06
1.05601e-05
1.32661e-05
1.66416e-05
2.08461e-05
2.60753e-05
3.25693e-05
4.06221e-05
5.0593e-05
6.29204e-05
7.81385e-05
9.68971e-05
0.000119985
0.00014836
0.000183179
0.000225842
0.000278038
0.0003418
0.000419573
0.000514293
0.000629479
0.00076934
0.000938904
0.00114417
0.00139227
0.00169169
0.00205249
0.00248659
0.00300809
0.00363361
0.00438275
0.00527857
0.00634812
0.00762314
0.00914073
0.0109443
0.0130842
0.0156195
0.0186184
0.0221602
0.0263365
0.0312535
0.0370332
0.0438164
0.0517648
0.0610638
0.0719257
0.084593
0.0993423
0.116488
0.136389
0.159449
0.186129
0.216945
0.252483
0.293399
0.34043
0.394404
0.456244
0.526981
0.607762
0.699862
0.804694
0.92382
1.05897
1.21203
1.38511
1.58048
1.80064
2.04834
2.32653
2.63845
2.98759
3.37773
3.81292
4.29755
4.8363
5.43417
6.09649
6.82894
7.63752
8.52857
9.50876
10.5851
11.7649
13.0558
14.4656
16.0027
17.6753
19.4921
21.4618
23.5935
25.896
28.3785
31.0497
33.9188
36.9942
40.2846
43.798
47.5422
51.5243
55.7509
60.2281
64.9608
69.9534
75.209
80.7297
86.5165
92.569
98.8854
105.462
112.295
119.377
126.701
134.255
142.029
150.009
158.179
166.522
175.018
183.648
192.387
201.211
210.095
219.01
227.927
236.816
245.645
254.382
262.993
271.444
279.702
287.73
295.496
302.965
310.103
316.878
323.258
329.212
334.712
339.731
344.243
348.225
351.657
354.521
356.801
358.485
359.564
360.03
359.881
359.116
357.739
355.755
353.173
350.006
346.269
341.979
337.158
331.829
326.016
319.747
313.053
305.963
298.511
290.731
282.656
274.322
265.765
257.021
248.125
239.113
230.02
220.879
211.725
202.587
193.498
184.486
175.579
166.801
158.177
149.729
141.476
133.436
125.625
118.057
110.742
103.692
96.9127
90.4112
84.1914
78.2554
72.6042
67.2369
62.1514
57.3442
52.8108
48.5454
44.5415
40.7915
37.2875
34.0207
30.9818
28.1614
25.5495
23.1361
20.911
18.8642
16.9853
15.2645
13.6919
12.2578
10.953
9.76822
8.69487
7.72456
6.84928
6.06143
5.3538
4.71959
4.15241
3.64627
3.19555
2.79506
2.43996
2.12579
1.84841
1.60405
1.38923
1.2008
1.03585
0.891784
0.766218
0.657013
0.562241
0.480171
0.409253
0.348104
0.295491
0.250321
0.211624
0.178543
0.150326
0.126309
0.10591
0.088623
0.0740044
0.0616693
0.0512834
0.042558
0.0352435
0.0291251
0.0240184
0.0197655
0.0162314
0.013301
0.0108767
0.00887528
0.00722677
0.00587191
0.00476085
0.00385174
0.00310954
0.00250494
0.00201354
0.00161503
0.00129258
0.00103225
0.000822559
0.000654027
0.000518884
0.00041076
0.000324449
0.000255707
0.000201083
0.000157776
0.000123519
9.64843e-05
