2.8026e-45
2.8026e-45
2.8026e-45
2.8026e-45
2.8026e-45
2.8026e-45
2.8026e-45
2.8026e-45
2.8026e-45
2.8026e-45
2.8026e-45
2.8026e-45
2.8026e-45
2.8026e-45
2.8026e-45
2.8026e-45
2.8026e-45
2.8026e-45
2.8026e-45
2.8026e-45
2.8026e-45
2.8026e-45
2.8026e-45
2.8026e-45
2.8026e-45
2.8026e-45
2.8026e-45
2.8026e-45
2.8026e-45
2.8026e-45
2.8026e-45
2.8026e-45
2.8026e-45
2.8026e-45
2.8026e-45
2.8026e-45
2.8026e-45
2.8026e-45
2.8026e-45
2.8026e-45
2.8026e-45
2.8026e-45
2.8026e-45
2.8026e-45
2.8026e-45
2.8026e-45
2.8026e-45
2.8026e-45
2.8026e-45
2.8026e-45
2.8026e-45
2.8026e-45
2.8026e-45
2.8026e-45
2.8026e-45
2.8026e-45
2.8026e-45
2.8026e-45
2.8026e-45
2.8026e-45
2.8026e-45
2.8026e-45
2.8026e-45
2.8026e-45
2.8026e-45
2.8026e-45
2.8026e-45
2.8026e-45
2.8026e-45
2.8026e-45
2.8026e-45
2.8026e-45
0.0
0.0
0.0
0.0
0.0
0.0
0.0
0.0
0.0
0.0
0.0
0.0
0.0
0.0
0.0
0.0
0.0
0.0
0.0
0.0
0.0
0.0
0.0
0.0
0.0
0.0
0.0
0.0
0.0
0.0
0.0
0.0
0.0
0.0
0.0
0.0
0.0
0.0
0.0
0.0
0.0
0.0
0.0
0.0
0.0
0.0
0.0
0.0
0.0
0.0
0.0
0.0
0.0
0.0
0.0
0.0
0.0
0.0
0.0
0.0
0.0
0.0
0.0
0.0
0.0
0.0
0.0
0.0
0.0
0.0
0.0
0.0
0.0
0.0
0.0
0.0
0.0
0.0
0.0
0.0
0.0
0.0
0.0
0.0
0.0
0.0
0.0
0.0
0.0
0.0
0.0
0.0
0.0
0.0
0.0
0.0
0.0
0.0
0.0
0.0
0.0
0.0
0.0
0.0
0.0
0.0
0.0
0.0
0.0
0.0
0.0
0.0
0.0
0.0
0.0
0.0
0.0
0.0
0.0
0.0
0.0
0.0
0.0
0.0
0.0
0.0
0.0
0.0
0.0
0.0
0.0
0.0
0.0
0.0
0.0
0.0
0.0
0.0
0.0
0.0
0.0
0.0
0.0
0.0
0.0
0.0
0.0
0.0
0.0
0.0
0.0
0.0
0.0
0.0
0.0
0.0
0.0
0.0
0.0
0.0
0.0
0.0
0.0
0.0
0.0
0.0
0.0
0.0
0.0
0.0
0.0
0.0
0.0
0.0
0.0
0.0
0.0
0.0
0.0
0.0
0.0
0.0
0.0
0.0
0.0
0.0
0.0
0.0
0.0
0.0
0.0
0.0
0.0
0.0
0.0
0.0
0.0
0.0
0.0
0.0
0.0
0.0
0.0
0.0
0.0
0.0
0.0
0.0
0.0
0.0
0.0
0.0
0.0
0.0
0.0
0.0
0.0
0.0
0.0
0.0
0.0
0.0
0.0
0.0
0.0
0.0
0.0
0.0
0.0
0.0
0.0
0.0
0.0
0.0
0.0
0.0
0.0
0.0
0.0
0.0
0.0
0.0
0.0
0.0
0.0
0.0
0.0
0.0
0.0
0.0
0.0
0.0
0.0
0.0
0.0
0.0
0.0
0.0
0.0
0.0
0.0
0.0
0.0
0.0
0.0
0.0
0.0
0.0
0.0
0.0
0.0
0.0
0.0
0.0
0.0
0.0
0.0
0.0
0.0
0.0
0.0
0.0
0.0
0.0
0.0
0.0
0.0
0.0
0.0
0.0
0.0
0.0
0.0
0.0
0.0
0.0
0.0
0.0
0.0
0.0
0.0
0.0
0.0
0.0
0.0
0.0
0.0
0.0
0.0
0.0
0.0
0.0
0.0
0.0
0.0
0.0
0.0
0.0
0.0
0.0
0.0
0.0
0.0
0.0
0.0
0.0
0.0
0.0
0.0
0.0
0.0
0.0
0.0
0.0
0.0
0.0
0.0
0.0
0.0
0.0
0.0
0.0
0.0
0.0
0.0
0.0
0.0
0.0
0.0
0.0
0.0
0.0
0.0
0.0
0.0
0.0
0.0
0.0
0.0
0.0
0.0
0.0
1.4013e-45
4.2039e-45
9.80909e-45
1.82169e-44
3.92364e-44
7.42688e-44
1.44334e-43
2.70451e-43
5.15678e-43
9.73902e-43
1.8315e-42
3.43879e-42
6.43757e-42
1.20344e-41
2.2439e-41
4.17657e-41
7.75759e-41
1.43818e-40
2.66104e-40
4.91419e-40
9.05747e-40
1.6662e-39
3.0592e-39
5.60597e-39
1.02531e-38
1.87165e-38
3.41002e-38
6.20085e-38
1.12541e-37
2.0386e-37
3.68567e-37
6.65066e-37
1.19778e-36
2.15305e-36
3.86274e-36
6.91672e-36
1.23614e-35
2.20497e-35
3.92555e-35
6.97531e-35
1.23706e-34
2.18969e-34
3.86847e-34
6.82121e-34
1.20046e-33
2.10862e-33
3.69671e-33
6.4684e-33
1.12965e-32
1.96904e-32
3.42556e-32
5.94803e-32
1.03081e-31
1.783e-31
3.07814e-31
5.30384e-31
9.12132e-31
1.56563e-30
2.68217e-30
4.58616e-30
7.82666e-30
1.33312e-29
2.26634e-29
3.84545e-29
6.51229e-29
1.10074e-28
1.85695e-28
3.12666e-28
5.25443e-28
8.81322e-28
1.47539e-27
2.46516e-27
4.11099e-27
6.84246e-27
1.13669e-26
1.88467e-26
3.11882e-26
5.15123e-26
8.49168e-26
1.39714e-25
2.29429e-25
3.76029e-25
6.15114e-25
1.00428e-24
1.63649e-24
2.66154e-24
4.32033e-24
6.99942e-24
1.1318e-23
1.82657e-23
2.94216e-23
4.72994e-23
7.58938e-23
1.21539e-22
1.94262e-22
3.09898e-22
4.93412e-22
7.84079e-22
1.24357e-21
1.96851e-21
3.11003e-21
4.90399e-21
7.71778e-21
1.21225e-20
1.90043e-20
2.9735e-20
4.64344e-20
7.23717e-20
1.12578e-19
1.74781e-19
2.70827e-19
4.18836e-19
6.46473e-19
9.95891e-19
1.53118e-18
2.34961e-18
3.59848e-18
5.5004e-18
8.39117e-18
1.27762e-17
1.94149e-17
2.94455e-17
4.45712e-17
6.73348e-17
1.01526e-16
1.52778e-16
2.29454e-16
3.43937e-16
5.14531e-16
7.68231e-16
1.14477e-15
1.70253e-15
2.52706e-15
3.74354e-15
5.53473e-15
8.16685e-15
1.2027e-14
1.76768e-14
2.59296e-14
3.79602e-14
5.54632e-14
8.08767e-14
1.17702e-13
1.70956e-13
2.47814e-13
3.58514e-13
5.17639e-13
7.45909e-13
1.07271e-12
1.53963e-12
2.20541e-12
3.15281e-12
4.49822e-12
6.405e-12
9.10192e-12
1.29086e-11
1.82709e-11
2.58091e-11
3.63846e-11
5.1191e-11
7.18787e-11
1.00725e-10
1.40865e-10
1.96606e-10
2.73854e-10
3.80687e-10
5.28134e-10
7.31215e-10
1.01035e-09
1.39323e-09
1.91733e-09
2.63326e-09
3.60922e-09
4.93689e-09
6.73929e-09
9.18109e-09
1.24823e-08
1.6936e-08
2.29322e-08
3.09883e-08
4.17893e-08
5.62402e-08
7.55341e-08
1.0124e-07
1.35417e-07
1.80762e-07
2.40797e-07
3.20114e-07
4.24685e-07
5.6226e-07
7.42874e-07
9.79487e-07
1.28881e-06
1.69231e-06
2.21757e-06
2.89986e-06
3.78423e-06
4.92809e-06
6.40442e-06
8.30576e-06
1.07492e-05
1.38826e-05
1.7892e-05
2.30115e-05
2.9534e-05
3.78262e-05
4.83453e-05
6.16605e-05
7.84782e-05
9.96734e-05
0.000126327
0.000159772
0.000201646
0.000253959
0.000319168
0.000400274
0.000500929
0.000625567
0.000779562
0.000969402
0.00120291
0.00148949
0.00184042
0.00226918
0.00279184
0.00342754
0.00419898
0.00513301
0.00626134
0.00762128
0.00925661
0.0112186
0.0135671
0.0163717
0.0197133
0.0236856
0.0283964
0.0339702
0.0405495
0.0482975
0.0574004
0.0680697
0.0805454
0.0950986
0.112035
0.131696
0.154468
0.180776
0.211098
0.24596
0.285945
0.331691
0.3839
0.443337
0.510834
0.587292
0.673682
0.771048
0.880505
1.00324
1.1405
1.29362
1.46398
1.65303
1.86225
2.09319
2.34741
2.62651
2.93207
3.2657
3.62895
4.02335
4.45036
4.91134
5.40756
5.94014
6.51006
7.1181
7.76483
8.45059
9.17545
9.93918
10.7413
11.5808
12.4566
13.3671
14.3103
15.2837
16.2847
17.31
18.3561
19.4191
20.4944
21.5776
22.6634
23.7467
24.8219
25.883
26.9243
27.9395
28.9226
29.8674
30.7678
31.6179
32.4118
33.1441
33.8095
34.4032
34.9208
35.3584
35.7125
35.9805
36.16
36.2496
36.2483
36.156
35.9731
35.7009
35.3411
34.8962
34.3693
33.7642
33.085
32.3365
31.5239
30.6526
29.7285
28.7578
27.7466
26.7015
25.6287
24.5349
23.4262
22.309
21.1891
20.0723
18.9641
17.8695
16.7933
15.7399
14.7131
13.7164
12.7529
11.8251
10.9351
10.0847
9.27521
8.50741
7.78184
7.09864
6.45763
5.8583
5.2999
4.78144
4.30169
3.85929
3.4527
3.08028
2.7403
2.43096
2.15044
1.89689
1.66846
1.46335
1.27978
1.11602
0.970405
0.84135
0.727341
0.62695
0.538837
0.461751
0.394529
0.3361
0.285476
0.241758
0.204125
0.171835
0.144219
0.120677
0.100673
0.0837302
0.0694273
0.0573921
0.0472979
0.0388593
0.0318279
0.0259881
0.0211539
0.0171652
0.0138851
0.0111965
0.0090001
0.00721166
0.00576027
0.00458632
0.00363994
0.00287957
0.0022707
0.00178478
0.00139829
0.00109192
0.000849885
0.000659327
0.000509808
0.00039289
0.000301779
0.000231023
0.000176264
0.000134031
0.000101573
7.67138e-05
5.77413e-05
4.33123e-05
3.23773e-05
2.41194e-05
1.79055e-05
1.32462e-05
9.76504e-06
7.17347e-06
5.25109e-06
3.83027e-06
2.78394e-06
2.01621e-06
1.45495e-06
1.04614e-06
7.49477e-07
5.34984e-07
3.80481e-07
2.69603e-07
1.90332e-07
1.3387e-07
9.38066e-08
6.54868e-08
4.55446e-08
3.15555e-08
2.17801e-08
1.49755e-08
1.02573e-08
6.99855e-09
4.75659e-09
3.22023e-09
2.17157e-09
1.45864e-09
9.75892e-10
6.50314e-10
4.31623e-10
2.85323e-10
1.8785e-10
1.23173e-10
8.0435e-11
5.23101e-11
3.38789e-11
2.18507e-11
1.40341e-11
8.97582e-12
5.71647e-12
3.6252e-12
2.28917e-12
1.43931e-12
9.0105e-13
5.61632e-13
3.4854e-13
2.15347e-13
1.32464e-13
8.11185e-14
4.9453e-14
3.00126e-14
1.81318e-14
1.09042e-14
6.52748e-15
3.88944e-15
2.30677e-15
1.36171e-15
8.00046e-16
4.67822e-16
2.72251e-16
1.57676e-16
9.0878e-17
5.21232e-17
2.97488e-17
1.6895e-17
9.54739e-18
5.36824e-18
3.0032e-18
1.67158e-18
9.25647e-19
5.09942e-19
2.79473e-19
1.52364e-19
8.26294e-20
4.45736e-20
2.39164e-20
1.27635e-20
6.77457e-21
3.57614e-21
1.87736e-21
9.80088e-22
5.08798e-22
2.62646e-22
1.34809e-22
6.87973e-23
3.49066e-23
1.76079e-23
8.82973e-24
4.40157e-24
2.18105e-24
1.07424e-24
5.2588e-25
2.5586e-25
1.23716e-25
5.94468e-26
2.83851e-26
1.34674e-26
6.3487e-27
2.9735e-27
1.38358e-27
6.39544e-28
2.93654e-28
1.33929e-28
6.0668e-29
2.72935e-29
1.21939e-29
5.40984e-30
2.38314e-30
1.04234e-30
4.52617e-31
1.95111e-31
8.34886e-32
3.54597e-32
1.49475e-32
6.2531e-33
2.59584e-33
1.06925e-33
4.36976e-34
1.77166e-34
7.12534e-35
2.84245e-35
1.12461e-35
4.41255e-36
1.71677e-36
6.62261e-37
2.53275e-37
9.60186e-38
3.60805e-38
1.34368e-38
4.95877e-39
1.81325e-39
6.56891e-40
2.35735e-40
8.37892e-41
2.94931e-41
1.02771e-41
3.54529e-42
1.20652e-42
4.04975e-43
1.33123e-43
4.2039e-44
1.12104e-44
2.8026e-45
2.8026e-45
2.8026e-45
2.8026e-45
2.8026e-45
2.8026e-45
2.8026e-45
