0.0365781
0.0366791
0.0368811
0.0371839
0.0375876
0.0380919
0.0386966
0.0394016
0.0402065
0.041111
0.0421148
0.0432174
0.0444183
0.045717
0.0471128
0.0486051
0.050193
0.0518757
0.0536523
0.0555216
0.0574825
0.0595337
0.0616739
0.0639016
0.0662151
0.0686127
0.0710924
0.0736522
0.07629
0.0790034
0.08179
0.084647
0.0875717
0.0905611
0.0936122
0.0967215
0.0998857
0.103101
0.106364
0.10967
0.113016
0.116397
0.119808
0.123246
0.126705
0.130181
0.133668
0.137162
0.140657
0.144148
0.14763
0.151097
0.154543
0.157963
0.161352
0.164703
0.168011
0.17127
0.174474
0.177618
0.180696
0.183702
0.186631
0.189478
0.192236
0.194902
0.197469
0.199932
0.202288
0.20453
0.206656
0.20866
0.210538
0.212288
0.213904
0.215385
0.216726
0.217925
0.21898
0.219888
0.220648
0.221258
0.221716
0.222023
0.222176
0.222176
0.222023
0.221716
0.221258
0.220648
0.219888
0.21898
0.217925
0.216726
0.215385
0.213904
0.212288
0.210538
0.20866
0.206656
0.20453
0.202288
0.199932
0.197469
0.194902
0.192236
0.189478
0.186631
0.183702
0.180696
0.177618
0.174474
0.17127
0.168011
0.164703
0.161352
0.157963
0.154543
0.151097
0.14763
0.144148
0.140657
0.137162
0.133668
0.130181
0.126705
0.123246
0.119808
0.116397
0.113016
0.10967
0.106364
0.103101
0.0998857
0.0967215
0.0936122
0.0905611
0.0875717
0.084647
0.08179
0.0790034
0.07629
0.0736522
0.0710924
0.0686127
0.0662151
0.0639016
0.0616739
0.0595337
0.0574825
0.0555216
0.0536523
0.0518757
0.050193
0.0486051
0.0471128
0.045717
0.0444183
0.0432174
0.0421148
0.041111
0.0402065
0.0394016
0.0386966
0.0380919
0.0375876
0.0371839
0.0368811
0.0366791
0.0365781
