0.012088
0.0121727
0.0123424
0.0125975
0.0129386
0.0133666
0.0138823
0.0144871
0.0151823
0.0159695
0.0168503
0.0178266
0.0189004
0.0200737
0.0213489
0.022728
0.0242135
0.0258078
0.0275132
0.0293321
0.0312668
0.0333197
0.035493
0.0377888
0.0402091
0.0427558
0.0454304
0.0482345
0.0511692
0.0542354
0.0574338
0.0607647
0.0642281
0.0678234
0.07155
0.0754065
0.0793912
0.0835021
0.0877363
0.0920908
0.096562
0.101145
0.105837
0.11063
0.11552
0.1205
0.125563
0.130701
0.135907
0.141172
0.146487
0.151841
0.157226
0.16263
0.168042
0.173452
0.178847
0.184215
0.189544
0.194822
0.200035
0.205171
0.210217
0.215159
0.219986
0.224683
0.229238
0.233638
0.237872
0.241926
0.24579
0.249452
0.252901
0.256128
0.259121
0.261873
0.264374
0.266618
0.268597
0.270305
0.271736
0.272887
0.273753
0.274332
0.274622
0.274622
0.274332
0.273753
0.272887
0.271736
0.270305
0.268597
0.266618
0.264374
0.261873
0.259121
0.256128
0.252901
0.249452
0.24579
0.241926
0.237872
0.233638
0.229238
0.224683
0.219986
0.215159
0.210217
0.205171
0.200035
0.194822
0.189544
0.184215
0.178847
0.173452
0.168042
0.16263
0.157226
0.151841
0.146487
0.141172
0.135907
0.130701
0.125563
0.1205
0.11552
0.11063
0.105837
0.101145
0.096562
0.0920908
0.0877363
0.0835021
0.0793912
0.0754065
0.07155
0.0678234
0.0642281
0.0607647
0.0574338
0.0542354
0.0511692
0.0482345
0.0454304
0.0427558
0.0402091
0.0377888
0.035493
0.0333197
0.0312668
0.0293321
0.0275132
0.0258078
0.0242135
0.022728
0.0213489
0.0200737
0.0189004
0.0178266
0.0168503
0.0159695
0.0151823
0.0144871
0.0138823
0.0133666
0.0129386
0.0125975
0.0123424
0.0121727
0.012088
