5.04137e-09
5.51604e-09
6.50515e-09
8.09116e-09
1.04051e-08
1.36362e-08
1.80451e-08
2.39818e-08
3.19105e-08
4.24401e-08
5.63646e-08
7.47149e-08
9.88236e-08
1.30408e-07
1.71673e-07
2.25443e-07
2.95324e-07
3.85909e-07
5.03024e-07
6.54052e-07
8.48307e-07
1.09752e-06
1.4164e-06
1.82339e-06
2.34149e-06
2.9993e-06
3.83237e-06
4.88464e-06
6.21036e-06
7.87624e-06
9.96415e-06
1.25742e-05
1.58285e-05
1.98755e-05
2.48953e-05
3.11054e-05
3.8768e-05
4.81984e-05
5.97738e-05
7.39452e-05
9.12494e-05
0.000112324
0.000137922
0.000168933
0.000206405
0.000251562
0.000305839
0.000370905
0.000448698
0.000541462
0.000651784
0.00078264
0.000937439
0.00112007
0.00133498
0.00158717
0.00188233
0.00222686
0.00262792
0.00309354
0.00363264
0.00425513
0.00497197
0.00579518
0.00673799
0.00781481
0.00904129
0.0104344
0.0120124
0.0137948
0.0158025
0.0180577
0.0205838
0.0234052
0.0265475
0.0300374
0.033902
0.0381694
0.0428677
0.0480254
0.0536708
0.0598316
0.066535
0.0738066
0.0816709
0.0901499
0.0992636
0.109029
0.119459
0.130564
0.142349
0.154815
0.167957
0.181766
0.196223
0.211309
0.226992
0.243239
0.260004
0.27724
0.29489
0.312889
0.331168
0.349651
0.368254
0.386891
0.405469
0.423891
0.442057
0.459865
0.477211
0.49399
0.510098
0.525433
0.539894
0.553386
0.565817
0.5771
0.587158
0.595918
0.603318
0.609303
0.613832
0.616869
0.618394
0.618394
0.616869
0.613832
0.609303
0.603318
0.595918
0.587158
0.5771
0.565817
0.553386
0.539894
0.525433
0.510098
0.49399
0.477211
0.459865
0.442057
0.423891
0.405469
0.386891
0.368254
0.349651
0.331168
0.312889
0.29489
0.27724
0.260004
0.243239
0.226992
0.211309
0.196223
0.181766
0.167957
0.154815
0.142349
0.130564
0.119459
0.109029
0.0992636
0.0901499
0.0816709
0.0738066
0.066535
0.0598316
0.0536708
0.0480254
0.0428677
0.0381694
0.033902
0.0300374
0.0265475
0.0234052
0.0205838
0.0180577
0.0158025
0.0137948
0.0120124
0.0104344
0.00904129
0.00781481
0.00673799
0.00579518
0.00497197
0.00425513
0.00363264
0.00309354
0.00262792
0.00222686
0.00188233
0.00158717
0.00133498
0.00112007
0.000937439
0.00078264
0.000651784
0.000541462
0.000448698
0.000370905
0.000305839
0.000251562
0.000206405
0.000168933
0.000137922
0.000112324
9.12494e-05
7.39452e-05
5.97738e-05
4.81984e-05
3.8768e-05
3.11054e-05
2.48953e-05
1.98755e-05
1.58285e-05
1.25742e-05
9.96415e-06
7.87624e-06
6.21036e-06
4.88464e-06
3.83237e-06
2.9993e-06
2.34149e-06
1.82339e-06
1.4164e-06
1.09752e-06
8.48307e-07
6.54052e-07
5.03024e-07
3.85909e-07
2.95324e-07
2.25443e-07
1.71673e-07
1.30408e-07
9.88236e-08
7.47149e-08
5.63646e-08
4.24401e-08
3.19105e-08
2.39818e-08
1.80451e-08
1.36362e-08
1.04051e-08
8.09116e-09
6.50515e-09
5.51604e-09
5.04137e-09
