3.42615e-10
3.76311e-10
4.46698e-10
5.60007e-10
7.26189e-10
9.59694e-10
1.28059e-09
1.71608e-09
2.30256e-09
3.08829e-09
4.1369e-09
5.53194e-09
7.38272e-09
9.83181e-09
1.30647e-08
1.73218e-08
2.29146e-08
3.02447e-08
3.98292e-08
5.23321e-08
6.8604e-08
8.97315e-08
1.17099e-07
1.52467e-07
1.98068e-07
2.56723e-07
3.31994e-07
4.28362e-07
5.5145e-07
7.08297e-07
9.07696e-07
1.16059e-06
1.48059e-06
1.88454e-06
2.39327e-06
3.03245e-06
3.83364e-06
4.83554e-06
6.08548e-06
7.64119e-06
9.57291e-06
1.19658e-05
1.49231e-05
1.85691e-05
2.30538e-05
2.85568e-05
3.52934e-05
4.35206e-05
5.35444e-05
6.57281e-05
8.05018e-05
9.83735e-05
0.000119941
0.000145907
0.000177094
0.000214462
0.000259128
0.00031239
0.000375749
0.00045094
0.000539955
0.000645083
0.000768942
0.000914514
0.00108519
0.00128482
0.00151774
0.00178885
0.00210362
0.00246821
0.00288947
0.00337499
0.00393322
0.00457345
0.00530591
0.00614181
0.00709338
0.00817394
0.00939788
0.0107808
0.0123393
0.0140913
0.0160559
0.0182531
0.0207044
0.023432
0.0264592
0.0298103
0.0335102
0.0375846
0.0420595
0.0469613
0.0523164
0.0581511
0.0644911
0.0713614
0.0787861
0.0867876
0.0953868
0.104602
0.11445
0.124943
0.136092
0.147903
0.160377
0.173512
0.1873
0.201731
0.216784
0.232438
0.248661
0.265419
0.28267
0.300365
0.318451
0.336868
0.355548
0.374422
0.393411
0.412435
0.431407
0.450238
0.468836
0.487105
0.504949
0.522271
0.538974
0.554962
0.57014
0.584418
0.597707
0.609926
0.620997
0.630849
0.639417
0.646646
0.652489
0.656905
0.659866
0.661351
0.661351
0.659866
0.656905
0.652489
0.646646
0.639417
0.630849
0.620997
0.609926
0.597707
0.584418
0.57014
0.554962
0.538974
0.522271
0.504949
0.487105
0.468836
0.450238
0.431407
0.412435
0.393411
0.374422
0.355548
0.336868
0.318451
0.300365
0.28267
0.265419
0.248661
0.232438
0.216784
0.201731
0.1873
0.173512
0.160377
0.147903
0.136092
0.124943
0.11445
0.104602
0.0953868
0.0867876
0.0787861
0.0713614
0.0644911
0.0581511
0.0523164
0.0469613
0.0420595
0.0375846
0.0335102
0.0298103
0.0264592
0.023432
0.0207044
0.0182531
0.0160559
0.0140913
0.0123393
0.0107808
0.00939788
0.00817394
0.00709338
0.00614181
0.00530591
0.00457345
0.00393322
0.00337499
0.00288947
0.00246821
0.00210362
0.00178885
0.00151774
0.00128482
0.00108519
0.000914514
0.000768942
0.000645083
0.000539955
0.00045094
0.000375749
0.00031239
0.000259128
0.000214462
0.000177094
0.000145907
0.000119941
9.83735e-05
8.05018e-05
6.57281e-05
5.35444e-05
4.35206e-05
3.52934e-05
2.85568e-05
2.30538e-05
1.85691e-05
1.49231e-05
1.19658e-05
9.57291e-06
7.64119e-06
6.08548e-06
4.83554e-06
3.83364e-06
3.03245e-06
2.39327e-06
1.88454e-06
1.48059e-06
1.16059e-06
9.07696e-07
7.08297e-07
5.5145e-07
4.28362e-07
3.31994e-07
2.56723e-07
1.98068e-07
1.52467e-07
1.17099e-07
8.97315e-08
6.8604e-08
5.23321e-08
3.98292e-08
3.02447e-08
2.29146e-08
1.73218e-08
1.30647e-08
9.83181e-09
7.38272e-09
5.53194e-09
4.1369e-09
3.08829e-09
2.30256e-09
1.71608e-09
1.28059e-09
9.59694e-10
7.26189e-10
5.60007e-10
4.46698e-10
3.76311e-10
3.42615e-10
