0.0645258
0.0651419
0.0663685
0.0681944
0.0706032
0.0735725
0.0770749
0.0810774
0.0855418
0.0904249
0.0956786
0.10125
0.107084
0.113117
0.119288
0.12553
0.131774
0.13795
0.143989
0.149821
0.155379
0.160595
0.165408
0.169759
0.173594
0.176867
0.179536
0.181568
0.182937
0.183626
0.183626
0.182937
0.181568
0.179536
0.176867
0.173594
0.169759
0.165408
0.160595
0.155379
0.149821
0.143989
0.13795
0.131774
0.12553
0.119288
0.113117
0.107084
0.10125
0.0956786
0.0904249
0.0855418
0.0810774
0.0770749
0.0735725
0.0706032
0.0681944
0.0663685
0.0651419
0.0645258
