2.95462e-12
3.24897e-12
3.86469e-12
4.85812e-12
6.31959e-12
8.38093e-12
1.12263e-11
1.5107e-11
2.03622e-11
2.7445e-11
3.69588e-11
4.97034e-11
6.67359e-11
8.94501e-11
1.1968e-10
1.59832e-10
2.13058e-10
2.8348e-10
3.76474e-10
4.99037e-10
6.6026e-10
8.71933e-10
1.14931e-09
1.51208e-09
1.98562e-09
2.60258e-09
3.40484e-09
4.44605e-09
5.79479e-09
7.53852e-09
9.78859e-09
1.26864e-08
1.64114e-08
2.11902e-08
2.73094e-08
3.51297e-08
4.51048e-08
5.7804e-08
7.39398e-08
9.44029e-08
1.20304e-07
1.53024e-07
1.94279e-07
2.46194e-07
3.11399e-07
3.93137e-07
4.95401e-07
6.23098e-07
7.82246e-07
9.80206e-07
1.22597e-06
1.53048e-06
1.90705e-06
2.37184e-06
2.9444e-06
3.64834e-06
4.51212e-06
5.56998e-06
6.86302e-06
8.44042e-06
1.0361e-05
1.26948e-05
1.55253e-05
1.89513e-05
2.30903e-05
2.80806e-05
3.40857e-05
4.12978e-05
4.99424e-05
6.02838e-05
7.26308e-05
8.73432e-05
0.00010484
0.000125607
0.000150206
0.000179288
0.000213601
0.000254007
0.000301492
0.000357188
0.000422382
0.000498545
0.000587343
0.000690668
0.000810655
0.000949713
0.00111055
0.0012962
0.00151008
0.00175596
0.00203806
0.00236109
0.00273021
0.00315116
0.00363024
0.00417435
0.00479108
0.00548868
0.00627614
0.0071632
0.00816042
0.00927914
0.0105316
0.0119308
0.0134908
0.0152263
0.017153
0.0192876
0.0216475
0.0242509
0.0271168
0.0302649
0.0337155
0.0374898
0.0416089
0.0460946
0.0509689
0.0562537
0.061971
0.0681423
0.0747887
0.0819306
0.0895875
0.0977777
0.106518
0.115824
0.125709
0.136183
0.147255
0.158932
0.171215
0.184105
0.197597
0.211683
0.226351
0.241585
0.257366
0.273667
0.29046
0.307709
0.325377
0.343419
0.361788
0.38043
0.39929
0.418304
0.43741
0.456538
0.475616
0.49457
0.513323
0.531797
0.549911
0.567585
0.584737
0.601288
0.617158
0.63227
0.646547
0.659917
0.672311
0.683665
0.693919
0.703016
0.710909
0.717554
0.722915
0.726962
0.729672
0.731031
0.731031
0.729672
0.726962
0.722915
0.717554
0.710909
0.703016
0.693919
0.683665
0.672311
0.659917
0.646547
0.63227
0.617158
0.601288
0.584737
0.567585
0.549911
0.531797
0.513323
0.49457
0.475616
0.456538
0.43741
0.418304
0.39929
0.38043
0.361788
0.343419
0.325377
0.307709
0.29046
0.273667
0.257366
0.241585
0.226351
0.211683
0.197597
0.184105
0.171215
0.158932
0.147255
0.136183
0.125709
0.115824
0.106518
0.0977777
0.0895875
0.0819306
0.0747887
0.0681423
0.061971
0.0562537
0.0509689
0.0460946
0.0416089
0.0374898
0.0337155
0.0302649
0.0271168
0.0242509
0.0216475
0.0192876
0.017153
0.0152263
0.0134908
0.0119308
0.0105316
0.00927914
0.00816042
0.0071632
0.00627614
0.00548868
0.00479108
0.00417435
0.00363024
0.00315116
0.00273021
0.00236109
0.00203806
0.00175596
0.00151008
0.0012962
0.00111055
0.000949713
0.000810655
0.000690668
0.000587343
0.000498545
0.000422382
0.000357188
0.000301492
0.000254007
0.000213601
0.000179288
0.000150206
0.000125607
0.00010484
8.73432e-05
7.26308e-05
6.02838e-05
4.99424e-05
4.12978e-05
3.40857e-05
2.80806e-05
2.30903e-05
1.89513e-05
1.55253e-05
1.26948e-05
1.0361e-05
8.44042e-06
6.86302e-06
5.56998e-06
4.51212e-06
3.64834e-06
2.9444e-06
2.37184e-06
1.90705e-06
1.53048e-06
1.22597e-06
9.80206e-07
7.82246e-07
6.23098e-07
4.95401e-07
3.93137e-07
3.11399e-07
2.46194e-07
1.94279e-07
1.53024e-07
1.20304e-07
9.44029e-08
7.39398e-08
5.7804e-08
4.51048e-08
3.51297e-08
2.73094e-08
2.11902e-08
1.64114e-08
1.26864e-08
9.78859e-09
7.53852e-09
5.79479e-09
4.44605e-09
3.40484e-09
2.60258e-09
1.98562e-09
1.51208e-09
1.14931e-09
8.71933e-10
6.6026e-10
4.99037e-10
3.76474e-10
2.8348e-10
2.13058e-10
1.59832e-10
1.1968e-10
8.94501e-11
6.67359e-11
4.97034e-11
3.69588e-11
2.7445e-11
2.03622e-11
1.5107e-11
1.12263e-11
8.38093e-12
6.31959e-12
4.85812e-12
3.86469e-12
3.24897e-12
2.95462e-12
