0.000538424
0.000563485
0.000614412
0.000692824
0.000801178
0.000942803
0.00112194
0.00134381
0.00161464
0.00194178
0.00233371
0.0028002
0.00335229
0.00400242
0.00476448
0.00565387
0.0066875
0.00788389
0.00926308
0.0108467
0.0126577
0.0147207
0.0170613
0.0197063
0.0226832
0.0260203
0.0297458
0.0338881
0.0384747
0.0435321
0.0490853
0.055157
0.0617671
0.0689322
0.0766646
0.084972
0.0938567
0.103315
0.113337
0.123905
0.134993
0.146571
0.158596
0.17102
0.183786
0.196828
0.210074
0.223444
0.23685
0.250202
0.263402
0.276349
0.28894
0.301071
0.312638
0.323538
0.333672
0.342947
0.351273
0.35857
0.364767
0.369802
0.373623
0.376192
0.377484
0.377484
0.376192
0.373623
0.369802
0.364767
0.35857
0.351273
0.342947
0.333672
0.323538
0.312638
0.301071
0.28894
0.276349
0.263402
0.250202
0.23685
0.223444
0.210074
0.196828
0.183786
0.17102
0.158596
0.146571
0.134993
0.123905
0.113337
0.103315
0.0938567
0.084972
0.0766646
0.0689322
0.0617671
0.055157
0.0490853
0.0435321
0.0384747
0.0338881
0.0297458
0.0260203
0.0226832
0.0197063
0.0170613
0.0147207
0.0126577
0.0108467
0.00926308
0.00788389
0.0066875
0.00565387
0.00476448
0.00400242
0.00335229
0.0028002
0.00233371
0.00194178
0.00161464
0.00134381
0.00112194
0.000942803
0.000801178
0.000692824
0.000614412
0.000563485
0.000538424
