1.6927e-06
1.82197e-06
2.08878e-06
2.51009e-06
3.11241e-06
3.93309e-06
5.02215e-06
6.44466e-06
8.28376e-06
1.06444e-05
1.36581e-05
1.74883e-05
2.23373e-05
2.8454e-05
3.61438e-05
4.57796e-05
5.78151e-05
7.28001e-05
9.13984e-05
0.000114408
0.000142787
0.000177677
0.000220436
0.000272675
0.000336293
0.000413524
0.000506985
0.000619727
0.000755295
0.000917794
0.00111195
0.00134319
0.00161772
0.00194259
0.00232579
0.00277635
0.0033044
0.00392124
0.00463947
0.00547302
0.00643725
0.00754899
0.00882656
0.0102899
0.0119603
0.0138609
0.0160161
0.0184517
0.021195
0.0242743
0.0277188
0.0315588
0.0358248
0.0405475
0.0457573
0.0514844
0.0577573
0.0646036
0.0720484
0.0801143
0.0888206
0.0981828
0.108212
0.118914
0.13029
0.142334
0.155033
0.168368
0.182311
0.196827
0.211874
0.2274
0.243344
0.25964
0.276212
0.292977
0.309845
0.32672
0.3435
0.360079
0.376347
0.392194
0.407504
0.422167
0.436071
0.449108
0.461174
0.472171
0.482008
0.490603
0.497882
0.503783
0.508255
0.511258
0.512766
0.512766
0.511258
0.508255
0.503783
0.497882
0.490603
0.482008
0.472171
0.461174
0.449108
0.436071
0.422167
0.407504
0.392194
0.376347
0.360079
0.3435
0.32672
0.309845
0.292977
0.276212
0.25964
0.243344
0.2274
0.211874
0.196827
0.182311
0.168368
0.155033
0.142334
0.13029
0.118914
0.108212
0.0981828
0.0888206
0.0801143
0.0720484
0.0646036
0.0577573
0.0514844
0.0457573
0.0405475
0.0358248
0.0315588
0.0277188
0.0242743
0.021195
0.0184517
0.0160161
0.0138609
0.0119603
0.0102899
0.00882656
0.00754899
0.00643725
0.00547302
0.00463947
0.00392124
0.0033044
0.00277635
0.00232579
0.00194259
0.00161772
0.00134319
0.00111195
0.000917794
0.000755295
0.000619727
0.000506985
0.000413524
0.000336293
0.000272675
0.000220436
0.000177677
0.000142787
0.000114408
9.13984e-05
7.28001e-05
5.78151e-05
4.57796e-05
3.61438e-05
2.8454e-05
2.23373e-05
1.74883e-05
1.36581e-05
1.06444e-05
8.28376e-06
6.44466e-06
5.02215e-06
3.93309e-06
3.11241e-06
2.51009e-06
2.08878e-06
1.82197e-06
1.6927e-06
