0.0238965
0.0243482
0.0252527
0.0266119
0.0284286
0.030706
0.0334475
0.0366563
0.040335
0.0444847
0.0491052
0.0541936
0.0597443
0.0657481
0.072192
0.0790583
0.0863244
0.0939624
0.101939
0.110214
0.118744
0.127477
0.136356
0.145321
0.154305
0.163238
0.172047
0.180655
0.188986
0.196962
0.204506
0.211543
0.218002
0.223816
0.228922
0.233267
0.236803
0.239489
0.241297
0.242206
0.242206
0.241297
0.239489
0.236803
0.233267
0.228922
0.223816
0.218002
0.211543
0.204506
0.196962
0.188986
0.180655
0.172047
0.163238
0.154305
0.145321
0.136356
0.127477
0.118744
0.110214
0.101939
0.0939624
0.0863244
0.0790583
0.072192
0.0657481
0.0597443
0.0541936
0.0491052
0.0444847
0.040335
0.0366563
0.0334475
0.030706
0.0284286
0.0266119
0.0252527
0.0243482
0.0238965
