-22.0315
-21.9962
-21.961
-21.926
-21.8911
-21.8565
-21.822
-21.7876
-21.7534
-21.7194
-21.6855
-21.6518
-21.6183
-21.5849
-21.5516
-21.5185
-21.4856
-21.4528
-21.4202
-21.3877
-21.3553
-21.3231
-21.2911
-21.2592
-21.2274
-21.1958
-21.1643
-21.133
-21.1018
-21.0707
-21.0398
-21.009
-20.9783
-20.9478
-20.9174
-20.8872
-20.857
-20.827
-20.7972
-20.7674
-20.7378
-20.7083
-20.679
-20.6497
-20.6206
-20.5916
-20.5628
-20.534
-20.5054
-20.4769
-20.4485
-20.4202
-20.3921
-20.364
-20.3361
-20.3083
-20.2806
-20.253
-20.2256
-20.1982
-20.171
-20.1438
-20.1168
-20.0899
-20.0631
-20.0364
-20.0098
-19.9833
-19.9569
-19.9306
-19.9044
-19.8784
-19.8524
-19.8265
-19.8008
-19.7751
-19.7495
-19.724
-19.6987
-19.6734
-19.6482
-19.6231
-19.5981
-19.5733
-19.5485
-19.5238
-19.4991
-19.4746
-19.4502
-19.4259
-19.4016
-19.3775
-19.3534
-19.3295
-19.3056
-19.2818
-19.2581
-19.2345
-19.2109
-19.1875
-19.1641
-19.1408
-19.1177
-19.0945
-19.0715
-19.0486
-19.0257
-19.003
-18.9803
-18.9577
-18.9351
-18.9127
-18.8903
-18.868
-18.8458
-18.8237
-18.8016
-18.7796
-18.7577
-18.7359
-18.7141
-18.6925
-18.6709
-18.6493
-18.6279
-18.6065
-18.5852
-18.564
-18.5428
-18.5217
-18.5007
-18.4798
-18.4589
-18.4381
-18.4174
-18.3967
-18.3761
-18.3556
-18.3351
-18.3148
-18.2944
-18.2742
-18.254
-18.2339
-18.2138
-18.1939
-18.1739
-18.1541
-18.1343
-18.1146
-18.0949
-18.0753
-18.0558
-18.0363
-18.0169
-17.9976
-17.9783
-17.9591
-17.9399
-17.9208
-17.9018
-17.8828
-17.8639
-17.845
-17.8262
-17.8075
-17.7888
-17.7702
-17.7516
-17.7331
-17.7147
-17.6963
-17.678
-17.6597
-17.6415
-17.6233
-17.6052
-17.5872
-17.5692
-17.5513
-17.5334
-17.5155
-17.4978
-17.48
-17.4624
-17.4448
-17.4272
-17.4097
-17.3922
-17.3748
-17.3575
-17.3402
-17.3229
-17.3058
-17.2886
-17.2715
-17.2545
-17.2375
-17.2205
-17.2037
-17.1868
-17.17
-17.1533
-17.1366
-17.1199
-17.1033
-17.0868
-17.0703
-17.0538
-17.0374
-17.0211
-17.0047
-16.9885
-16.9723
-16.9561
-16.94
-16.9239
-16.9078
-16.8919
-16.8759
-16.86
-16.8442
-16.8284
-16.8126
-16.7969
-16.7812
-16.7656
-16.75
-16.7344
-16.7189
-16.7035
-16.688
-16.6727
-16.6573
-16.6421
-16.6268
-16.6116
-16.5964
-16.5813
-16.5662
-16.5512
-16.5362
-16.5212
-16.5063
-16.4914
-16.4766
-16.4618
-16.4471
-16.4323
-16.4177
-16.403
-16.3884
-16.3739
-16.3593
-16.3448
-16.3304
-16.316
-16.3016
-16.2873
-16.273
-16.2587
-16.2445
-16.2303
-16.2162
-16.2021
-16.188
-16.174
-16.16
-16.146
-16.1321
-16.1182
-16.1044
-16.0905
-16.0768
-16.063
-16.0493
-16.0356
-16.022
-16.0084
-15.9948
-15.9813
-15.9678
-15.9543
-15.9409
-15.9275
-15.9141
-15.9008
-15.8875
-15.8742
-15.861
-15.8478
-15.8346
-15.8215
-15.8084
-15.7953
-15.7822
-15.7692
-15.7563
-15.7433
-15.7304
-15.7175
-15.7047
-15.6919
-15.6791
-15.6663
-15.6536
-15.6409
-15.6283
-15.6156
-15.603
-15.5905
-15.5779
-15.5654
-15.5529
-15.5405
-15.5281
-15.5157
-15.5033
-15.491
-15.4787
-15.4664
-15.4542
-15.442
-15.4298
-15.4177
-15.4055
-15.3934
-15.3814
-15.3693
-15.3573
-15.3453
-15.3334
-15.3214
-15.3095
-15.2977
-15.2858
-15.274
-15.2622
-15.2505
-15.2387
-15.227
-15.2153
-15.2037
-15.192
-15.1804
-15.1689
-15.1573
-15.1458
-15.1343
-15.1228
-15.1114
-15.1
-15.0886
-15.0772
-15.0659
-15.0546
-15.0433
-15.032
-15.0208
-15.0096
-14.9984
-14.9872
-14.9761
-14.965
-14.9539
-14.9428
-14.9318
-14.9207
-14.9097
-14.8988
-14.8878
-14.8769
-14.866
-14.8552
-14.8443
-14.8335
-14.8227
-14.8119
-14.8012
-14.7904
-14.7797
-14.769
-14.7584
-14.7477
-14.7371
-14.7265
-14.716
-14.7054
-14.6949
-14.6844
-14.6739
-14.6635
-14.653
-14.6426
-14.6322
-14.6219
-14.6115
-14.6012
-14.5909
-14.5806
-14.5704
-14.5601
-14.5499
-14.5397
-14.5296
-14.5194
-14.5093
-14.4992
-14.4891
-14.479
-14.469
-14.459
-14.449
-14.439
-14.429
-14.4191
-14.4092
-14.3993
-14.3894
-14.3795
-14.3697
-14.3599
-14.3501
-14.3403
-14.3305
-14.3208
-14.3111
-14.3014
-14.2917
-14.282
-14.2724
-14.2628
-14.2532
-14.2436
-14.234
-14.2245
-14.215
-14.2055
-14.196
-14.1865
-14.1771
-14.1676
-14.1582
-14.1488
-14.1395
-14.1301
-14.1208
-14.1114
-14.1021
-14.0929
-14.0836
-14.0744
-14.0651
-14.0559
-14.0467
-14.0376
-14.0284
-14.0193
-14.0102
-14.0011
-13.992
-13.9829
-13.9739
-13.9648
-13.9558
-13.9468
-13.9379
-13.9289
-13.92
-13.911
-13.9021
-13.8932
-13.8844
-13.8755
-13.8667
-13.8578
-13.849
-13.8402
-13.8315
-13.8227
-13.814
-13.8052
-13.7965
-13.7878
-13.7792
-13.7705
-13.7619
-13.7532
-13.7446
-13.736
-13.7275
-13.7189
-13.7104
-13.7018
-13.6933
-13.6848
-13.6763
-13.6679
-13.6594
-13.651
-13.6426
-13.6342
-13.6258
-13.6174
-13.6091
-13.6007
-13.5924
-13.5841
-13.5758
-13.5675
-13.5592
-13.551
-13.5428
-13.5345
-13.5263
-13.5181
-13.51
-13.5018
-13.4937
-13.4855
-13.4774
-13.4693
-13.4612
-13.4532
-13.4451
-13.437
-13.429
-13.421
-13.413
-13.405
-13.397
-13.3891
-13.3811
-13.3732
-13.3653
-13.3574
-13.3495
-13.3416
-13.3338
-13.3259
-13.3181
-13.3103
-13.3025
-13.2947
-13.2869
-13.2792
-13.2714
-13.2637
-13.2559
-13.2482
-13.2405
-13.2329
-13.2252
-13.2175
-13.2099
-13.2023
-13.1946
-13.187
-13.1795
-13.1719
-13.1643
-13.1568
-13.1492
-13.1417
