0.313081879261
0.314088557428
0.315095236725
0.316101917083
0.317108595141
0.318115269986
0.319121946828
0.320128624856
0.321135302478
0.322141980996
0.323148660496
0.324155337926
0.325162015876
0.326168689545
0.327175362387
0.328182040073
0.329188717328
0.330195393099
0.331202070847
0.332208748287
0.333215427332
0.33422210387
0.335228781788
0.336235459883
0.337242140109
0.338248816467
0.339255497195
0.340262178576
0.341268856971
0.34227553861
0.34328221232
0.34428889151
0.345295570758
0.346302247392
0.347308923946
0.348315601483
0.34932228151
0.35032896155
0.351335641181
0.352342321076
0.353349001657
0.35435568187
0.355362361849
0.356369037085
0.357375714204
0.358382394646
0.359389075169
0.360395751947
0.361402427203
0.362409107862
0.363415789049
0.364422469075
0.3654291458
0.366435822482
0.367442497341
0.368449176778
0.369455855112
0.370462531451
0.371469209529
0.372475888278
0.373482564991
0.374489241267
0.375495921592
0.37650260061
0.377509276603
0.378515954003
0.379522632805
0.380529311624
0.381535990208
0.382542670563
0.383549346445
0.384556022216
0.385562701516
0.386569375282
0.387576055278
0.388582735591
0.389589413304
0.39059609123
0.391602765497
0.392609446851
0.393616123475
0.394622805545
0.395629484304
0.396636160984
0.39764283886
0.398649518205
0.399656198952
0.400662875558
0.401669552898
0.402676228831
0.403682909236
0.404689585383
0.405696264394
0.406702944947
0.407709621168
0.408716294786
0.409722971859
0.410729647043
0.41173632684
0.412743005571
0.413749683001
0.41475636097
0.415763038606
0.416769714372
0.417776393505
0.418783075479
0.41978975415
0.42079643126
0.421803109765
0.42280979005
0.423816466037
0.424823140257
0.425829822897
0.426836500634
0.427843181659
0.428849858256
0.429856533984
0.43086320972
0.431869890266
0.432876569131
0.433883247871
0.434889922903
0.435896596667
0.436903277091
0.437909957052
0.438916636504
0.439923314066
0.440929994188
0.441936670661
0.44294334441
0.443950016254
0.444956696525
0.445963375151
0.446970053896
0.447976734709
0.448983414603
0.449990094707
0.450996776702
0.452003457845
0.453010137538
0.454016813977
0.455023489536
0.456030166574
0.457036849938
0.458043525493
0.459050199526
0.460056884115
0.461063561634
0.462070239238
0.463076914192
0.464083591885
0.465090272247
0.466096949043
0.46710362946
0.468110307573
0.469116983971
0.470123662487
0.471130338668
0.47213701903
0.473143697321
0.474150379444
0.475157055944
0.476163738256
0.477170415291
0.478177097522
0.479183777542
0.480190453697
0.481197132949
0.482203818133
0.483210497426
0.484217172701
0.485223851737
0.486230528032
0.487237204668
0.488243886233
0.489250567146
0.490257244125
0.49126392193
0.492270598743
0.493277274222
0.494283948085
0.495290617087
0.496297299475
0.497303974841
0.498310652506
0.499317328367
0.500324008602
0.50133068802
0.502337363694
0.503344039027
0.504350717834
0.505357400609
0.506364080905
0.507370753347
0.508377432668
0.509384111267
0.510390787442
0.51139747049
0.512404148724
0.513410821195
0.5144175073
0.515424182878
0.516430860466
0.517437533121
0.518444210132
0.519450889116
0.520457568029
0.521464243715
0.522470921201
0.523477597125
0.524484278241
0.525490953981
0.526497630001
0.527504305694
0.528510984246
0.529517662415
0.530524341282
0.531531014979
0.532537696737
0.533544375486
0.534551054004
0.535557735067
0.536564416102
0.537571093451
0.538577768066
0.539584441611
0.540591120347
0.541597800881
0.542604475899
0.543611153819
0.544617836881
0.545624511136
0.546631191953
0.547637868921
0.548644548153
0.549651231376
0.550657908864
0.551664587736
0.55267126777
0.553677954392
0.554684632589
0.555691319779
0.556697996103
0.557704670241
0.5587113437
0.559718022413
0.560724707636
0.561731384969
0.562738060432
0.563744737064
0.56475141377
0.565758094985
0.566764773875
0.567771455361
0.568778136762
0.569784819174
0.57079149658
0.571798169475
0.572804852643
0.573811528734
0.574818205334
0.575824881004
0.576831559924
0.577838243289
0.578844924486
0.579851603919
0.580858285027
0.581864966986
0.582871636912
0.583878315681
0.584884995652
0.585891671571
0.586898348147
0.587905029015
0.588911709132
0.589918388193
0.590925070364
0.591931746519
0.592938425461
0.593945106282
0.594951778936
0.595958452843
0.596965131654
0.597971809953
0.598978487812
0.599985159652
0.600991840571
0.601998523169
0.603005201456
0.604011881022
0.60501855745
0.606025233523
0.607031911564
0.608038593089
0.609045268504
0.61005194417
0.611058623214
0.612065300338
0.613071978619
0.614078658537
0.615085338752
0.616092010246
0.617098685271
0.61810536114
0.619112033208
0.620118711065
0.621125385085
0.622132062286
0.62313874021
0.624145418123
0.625152098049
0.626158773382
0.627165455409
0.628172134637
0.629178808955
0.630185486526
0.631192159931
0.63219883076
0.633205510827
0.634212185791
0.635218867155
0.636225541908
0.637232219766
0.638238899779
0.639245574349
0.640252253595
0.641258927323
0.642265610243
0.643272286967
0.64427896284
0.645285639831
0.646292311851
0.647298986609
0.648305665131
0.649312345189
0.650319024042
0.651325704623
0.652332384623
0.653339056691
0.654345739391
0.655352419131
0.656359100128
0.657365775327
0.658372453512
0.659379129611
0.660385807533
0.661392481176
0.662399157892
0.663405834746
0.664412507368
0.665419180662
0.666425863878
0.667432541411
0.668439224238
0.669445900146
0.670452579409
0.671459261163
0.672465939299
0.673472611481
0.674479288814
0.675485967599
0.676492649084
0.677499331443
0.678506008688
0.679512682247
0.680519361698
0.681526039516
0.682532720525
0.683539392495
0.684546069413
0.685552753646
0.686559430671
0.687566113705
0.688572788597
0.689579459867
0.69058614057
0.691592818723
0.692599496158
0.693606169711
0.694612846594
0.695619521636
0.696626202767
0.697632879644
0.698639557037
0.69964623065
0.700652913345
0.701659593088
0.70266627086
0.703672945074
0.704679626081
0.7056863102
0.706692996043
0.707699677845
0.708706361471
0.7097130364
0.710719714275
0.711726390375
0.712733061898
0.713739740164
0.714746417049
0.715753100527
0.716759774781
0.71776645142
0.71877313248
0.719779806607
0.720786479063
0.721793150571
0.722799827159
0.723806492812
0.724813169391
0.725819852221
0.726826529379
0.727833206665
0.728839891992
0.729846574898
0.730853249755
0.731859924757
0.732866605146
0.733873285318
0.734879964579
0.735886644397
0.736893318855
0.737900002444
0.738906686125
0.739913363562
0.740920045839
0.741926716471
0.742933391605
0.743940074993
0.744946754164
0.74595343336
0.746960106727
0.747966782998
0.748973462695
0.749980136938
0.750986813168
0.751993492126
0.753000172171
0.754006848073
0.755013528422
0.756020200317
0.757026877338
0.758033553904
0.75904023343
0.76004691359
0.761053589232
0.762060267592
0.763066947494
0.764073623697
0.765080304447
0.766086981569
0.767093666461
0.768100339557
0.769107022192
0.770113707591
0.771120393322
0.772127074394
0.773133755445
0.774140431362
0.775147109783
0.776153792861
0.777160469119
0.778167145464
0.779173822975
0.780180499057
0.781187182101
0.782193854205
0.783200536606
0.784207217913
0.785213894563
0.786220559278
0.787227239231
0.788233926714
0.789240608994
0.790247291357
0.791253967229
0.792260645646
0.793267321378
0.794273994158
0.795280666637
0.796287343932
0.797294020251
0.798300693116
0.799307377581
0.800314048859
0.801320732339
0.802327409811
0.803334081398
0.804340764795
0.805347439162
0.806354116882
0.807360809464
0.808367488506
0.809374164042
0.810380838305
0.81138751692
0.812394195858
0.813400868883
0.814407544167
0.81541422636
0.816420907711
0.817427590018
0.818434268827
0.819440956573
0.820447627162
0.821454300004
0.822460980481
0.823467655371
0.824474339247
0.825481015897
0.8264876933
0.827494364364
0.828501046847
0.829507725237
0.830514402994
0.831521080498
0.832527761832
0.833534437096
0.834541117098
0.835547789221
0.836554460459
0.837561140307
0.838567820622
0.839574503186
0.84058118408
0.841587866907
0.842594542347
0.843601222098
0.844607902946
0.845614587687
0.84662125816
0.847627932237
0.848634609619
0.84964128172
0.850647963207
0.851654639534
0.852661321397
0.853667999951
0.854674671642
0.855681345484
0.856688022406
0.857694698703
0.858701379064
0.859708057653
0.860714738522
0.861721420585
0.862728107014
0.863734784297
0.864741469184
0.865748152578
0.866754829756
0.86776150151
0.868768176657
0.869774849647
0.870781533685
0.87178821505
0.872794892303
0.873801570377
0.87480824857
0.875814920122
0.876821591903
0.877828271565
0.878834943904
0.879841621524
